1.808857865965229017e+00 5.103871185655473042e-01 -3.724720776352061780e-01 -5.246522185397937132e-01 7.963974577277398437e-01 -9.772032246692736734e-01
-1.193132819055594318e+00 7.857584821442645806e-01 -7.184329238112371341e-01 8.491152180038074038e-01 8.029098222150295172e-02 9.938855176670730041e-01
-1.369088838886270698e-01 9.625596026156961749e-01 -8.620480387181828075e-01 -1.135038651608222926e+00 3.919640808584148872e-02 3.959718236467819896e-02
-1.439395778617880817e+00 -1.566975220387319290e+00 4.221827998066635113e-01 -9.323381318298294973e-01 -4.574636570878628378e-02 1.684071932358464529e+00
-6.550522703015523307e-01 -8.059159045874862981e-01 1.515065465978535919e-01 -9.941587148277188923e-01 1.439719117749557631e+00 -7.548061001265238268e-01
-1.982219688570475633e-02 4.065933073805181874e-01 -1.389730744157747333e+00 -9.262103415087085123e-01 3.952881701466454678e-01 9.692673425045896796e-01
6.651435594214614999e-02 -9.828323395337069668e-01 8.077461338930450596e-01 -1.282870942443136153e+00 -8.930093576267250643e-02 5.320737364868705077e-01
-8.737826086077845611e-01 -1.392184007631331655e+00 3.017447188638920696e+00 2.540083206709811581e+00 1.545960878047542009e-01 -1.910968302732300728e-01
1.597882349228002818e-01 -2.189993829119161739e-01 8.335545133316270977e-03 -1.587371287671789366e+00 -1.742040497081624340e+00 1.519893972833934459e+00
-1.102281825102705559e+00 -1.152365848456077035e+00 6.307234072482845733e-01 -2.394713284448333201e+00 1.435911269613843744e-01 1.225952528396375696e+00
-5.548998462238337037e-01 -7.464573078877255741e-01 -7.997633598718439929e-01 -3.569765319674776394e-01 1.372403283430754461e+00 -3.955007837670957982e-01
1.321663510790523632e-01 -1.247692850607222681e-01 -6.585278657135461566e-01 9.645805181418404955e-03 -1.033230889108859962e+00 1.930779416934704229e-01
-8.242789394880294385e-01 -2.691125011960158186e-01 -9.164985069217753688e-01 -3.870293786036283490e-01 1.986904139875752817e-01 -5.493115799598797810e-01
1.094111940616625978e+00 5.356134898412454604e-01 9.781502125218858312e-01 1.383279037695215596e-01 7.788885465908661487e-01 -7.467396217642812140e-01
2.209200713969729168e+00 6.087644028818065545e-01 1.011053719408979923e+00 -1.464116811074570368e+00 -3.016462751881027193e-01 -2.887161214908232076e-01
-3.184518284782317243e-01 -6.384686413452970305e-03 -1.296054123786674062e+00 -6.229986422184947692e-01 -9.414358642525384457e-01 -5.572083075568261545e-01
1.582963034142840786e-01 -3.139907822306198248e-01 -6.932334443843580774e-01 2.065091225682876619e+00 1.272098403479162698e+00 3.887609811138674765e-01
1.897336896244357085e+00 -8.167807310489765271e-01 1.670859692817246112e+00 -7.569390714225677774e-01 -4.611196480089446159e-01 1.033351912717473065e+00
5.849113645151515772e-01 -2.759545241982686026e-01 -1.054756277059090142e+00 1.710964323471099724e-01 5.536307890025609080e-01 -1.375329221753033737e+00
7.623422246310284089e-01 -5.910592253481955494e-01 1.123556852488643454e+00 -4.686401160268249266e-01 -1.786166919479873494e+00 -2.162175660363535590e-02
1.344175499929548989e+00 -3.205883756778684091e-01 -7.182343678544177434e-01 -4.898416171800175078e-01 -3.543412806133062753e-01 -1.282160422079576145e+00
7.544939138593192984e-01 -1.131424842252672258e+00 2.036902825589556265e+00 3.082044628302178513e-01 6.592367941011221255e-01 -8.680506603337574401e-01
-1.475104099883957298e+00 2.041115906576904671e-01 5.210088594680770124e-02 -2.173576169567022820e+00 6.566905993191851643e-02 -1.833927709569722619e-01
-3.344890603622926450e-01 1.048510767346378492e+00 -2.757877935449679629e-01 -2.035965015456891791e+00 -2.567132765734446709e-01 -2.476199933887880178e+00
-3.621013501385664246e-01 1.011587898722132867e-01 1.231048464337340803e-01 -2.106475525304207230e-01 -8.518069225652606935e-01 -9.977279818327562388e-01
-9.038018257934699040e-02 2.764751174148262214e-01 2.118600645668814939e-02 -5.000338412330959104e-01 7.305681472738922988e-01 -1.166918989452214589e-01
6.573774942773852326e-01 1.008835492551941826e+00 3.389285849712589394e-02 8.082323691962579604e-01 5.776613662196621313e-01 -1.361840297770340769e+00
-9.670910231461216089e-02 -1.565469803412671501e+00 -1.691828314717604087e+00 7.467866625480720222e-01 4.961414129862033034e-02 6.889644055038833814e-01
-8.764143410353706365e-01 1.736121165237323405e+00 3.548745669114394818e-01 -1.072512951849253326e+00 -1.628377831640225759e+00 3.847303638002933512e-01
9.394071235207513970e-01 6.709371923772827762e-02 5.687972915851274847e-01 1.674283776786609224e+00 -8.719945838866943744e-02 -1.231172313354453207e+00
-2.269825246823637510e+00 -1.297746742023383026e+00 8.705761854494135921e-02 5.932941102388622490e-01 -3.081380335777465507e-01 -1.730246699803056898e-01
5.031259471171225517e-01 -1.632919371340443015e-01 -5.678768095634327828e-01 -5.966170493286820919e-01 -2.030613958188522417e-01 1.492362356616235619e+00
-3.639178410891263926e-01 1.468122960332053584e+00 -8.933115218474174668e-03 -1.307288664778624598e+00 -1.701909904660354189e-01 -1.410824392857384701e+00
-4.189611946337634674e-01 -4.030361571591834502e-01 -7.319161152892058597e-01 -2.780532245563504645e+00 -1.748307928848868542e+00 -2.519847035675060631e+00
-2.439773278787082056e+00 9.416600435258482005e-02 -1.633179205218399321e+00 -6.802375146673573347e+00 -2.793584119009754119e+00 -2.695878019709607276e+00
-3.677161365376438784e+00 -4.630319178174647221e-01 -3.851504453810741690e+00 -7.233399988117197310e+00 -6.999573048459858171e+00 -4.657789852948932108e+00
-5.515923207550297747e+00 -3.237180817391340781e-01 -5.578507373863709207e-01 -7.485770923467249816e+00 -5.814236006653675126e+00 -5.312453908457748675e+00
-3.934316312959610595e+00 -9.903307097473328380e-01 -1.220142942601770919e+00 -3.469719617645329102e+00 -4.008516503661277319e+00 -2.498627343012068458e+00
-1.017378108361337574e+00 -5.623350196183853900e-01 2.143799923943445762e-02 -9.968913349094696841e-01 -2.092127447951771746e+00 -1.492125282294772148e+00
-1.561701335877351049e+00 -5.074702122875629495e-01 -3.640189020114913132e-02 5.801282389684915275e-01 -1.997478656880444792e-01 -1.916552650143079628e+00
-1.235944592553103877e-01 4.088686553625597853e-01 -4.274278368800499273e-02 -9.515726212000760187e-01 5.108263328057254249e-01 -2.952070155462652168e-01
-6.128602660056431395e-01 -3.008267411920935164e-01 2.348186186729502856e-01 -2.226390500075908552e+00 -2.495798334729447898e+00 -5.506417285357552149e-01
-3.436682656134438796e-01 5.108885237581308747e-01 1.147646637229733591e+00 2.744647045046651468e-01 -2.454823166149674663e+00 -3.275538314586279309e-01
7.135186487390178245e-01 -1.681345813951831136e+00 -1.961730698744806212e+00 1.051119248239022363e+00 4.499246231112962735e-01 -4.878830746016717401e-01
2.979475895755965276e-01 4.674972076120388897e-01 3.083334993230317789e-01 3.664558305924158765e-01 -6.243629705030188104e-01 -1.507914243929424636e+00
-1.897030571040493996e+00 2.923962772078005923e-01 -6.649399679246820183e-01 -1.878346513015102470e+00 -4.203105837706608838e-01 -8.730306673426296848e-02
-4.085365048348645445e+00 -9.452434472481912042e-01 -2.433646224145204151e+00 -3.469989779849983247e+00 -3.987622852592140443e+00 -1.374504572204553465e+00
-8.354160574033187459e+00 -1.482679620700581236e+00 -3.615830665663606336e+00 -8.010325563224505174e+00 -6.613816839884123944e+00 -3.841851350147143851e+00
-1.171430461136659673e+01 -4.879324453829872787e+00 -3.382751780761561466e+00 -1.211273746305074539e+01 -1.116776302776079710e+01 -5.886637699022349679e+00
-1.795693008324858297e+01 -3.251643785092686034e+00 -3.625437456230841793e+00 -1.374306235736567849e+01 -1.440966365020569029e+01 -6.756106663918047595e+00
-1.789507188252989778e+01 -3.926586675867996590e+00 -2.191798602727704548e+00 -9.590674206373723365e+00 -1.486406666665640941e+01 -5.749315290005226231e+00
-1.465953994004465422e+01 -2.496418177441922737e+00 -2.599283485522248860e+00 -5.670016819177905454e+00 -1.030927791122525505e+01 -1.694755355975837485e+00
-1.009132401370233367e+01 -1.375432874506652636e+00 -1.063701701675566769e+00 -3.581530836562030196e+00 -6.109419226478794762e+00 6.045140596254905407e-02
-4.089671020288280445e+00 -2.044701608674142523e+00 6.008836025372445988e-01 -1.942719924952641897e+00 -1.682802468750081548e+00 -3.695497348857525455e-01
-1.390726613418513669e+00 -1.130915359220790117e+00 9.985740942427429045e-01 -2.707301726448763657e-01 -1.114021566901058358e-01 -2.151849847135730798e+00
6.851514490149349657e-01 3.033862061347249450e-01 1.312417736072609697e-01 -5.106288990586891341e-01 4.052331174601073172e-01 2.580829714909452788e-01
1.449170593369176308e+00 3.404524992946042494e-01 8.004983818380662086e-01 -9.242116048634398950e-01 -8.796732812959828784e-01 -5.286756748994634325e-01
1.929226992989603762e+00 1.692101769351097296e-01 1.312942943232894066e+00 1.468191886934972379e+00 -1.022886741133670757e-01 -1.643091351046553905e-01
-2.049977882518928762e+00 -7.602215955014018922e-01 -9.114118751044644196e-01 -2.086026691539444311e+00 -7.876254970875906647e-02 3.282795778560799738e-01
-2.598007530948728938e+00 3.292976422716269447e-01 -5.030072766963169517e-01 -4.181061814481002337e+00 -1.869665128491357686e+00 1.396363066452577240e-01
-4.257832504357272896e+00 -1.001121291730340479e+00 -9.352727907624989179e-01 -7.252539979442931717e+00 -4.684027932714383446e+00 -3.760443304163593847e+00
-9.692204694989269953e+00 -2.386486998596493159e+00 -3.270697009688203760e+00 -1.182913626161004927e+01 -8.474353252521240165e+00 -6.020527320509283520e+00
-1.445159346288335911e+01 -1.622279488954416315e+00 -3.555933358526253585e+00 -1.205189986812693093e+01 -1.096558116748786915e+01 -7.713757351552784414e+00
-1.578032851422576677e+01 -3.008608213372375939e+00 -3.095226979147336355e+00 -1.109387535757102228e+01 -1.530618767496616250e+01 -6.439978495455505936e+00
-1.485114884402686997e+01 -3.457863172026545140e+00 -2.315009426873262832e+00 -1.058376779651067956e+01 -1.615330886813775280e+01 -5.428904837714444653e+00
-1.556113003913947246e+01 -4.120022158991221595e+00 -3.177063532622514508e+00 -8.133578645268469742e+00 -1.338661045197737920e+01 -1.252297853917505366e+00
-8.159296293698965030e+00 -2.334316929939681984e+00 -2.345034361192809502e+00 -3.249742167356452160e+00 -5.918792113887788808e+00 -2.675670028130617162e+00
-4.081230500040178732e+00 -6.939180274091844014e-01 8.545209464514799125e-01 -1.310925432382567202e+00 -1.810177983768889387e+00 -3.728280776092835480e-01
-7.828056878174123323e-01 -6.323379479265515135e-01 3.872001475851611363e-01 6.107171657867576098e-01 -1.195772271110227825e-01 4.160816151258747153e-01
1.277013931649044087e+00 2.671937256985893461e-01 -3.372526779764976612e-01 -1.531655857182403269e+00 -1.011638617092535997e+00 -2.258489330715196530e+00
4.765513174107458005e-01 -9.503079940455132213e-02 2.092075576190527975e-01 2.335507013022056988e+00 -9.995580674065968063e-01 -2.285272448187252170e+00
-3.385388948463688430e-01 -4.500838610254210836e-01 3.402982595651092568e-02 1.327034429218029166e-01 -1.780824667177146159e+00 -5.345139436803210131e-01
6.329068811540125572e-02 1.250680527091851735e+00 -6.494248723199175233e-01 -1.002053592352368128e+00 -1.556333709176607627e+00 2.431218069932458148e-01
-9.919655378904367327e-01 2.324631035164810733e+00 -1.903979896830163554e+00 -2.808595180682567083e+00 -2.551125581615843352e+00 -1.844906435970302905e+00
-3.879401152709244016e+00 -6.481202804402261819e-01 -1.990124168164693508e+00 -8.851561924663982950e+00 -7.090366591132954532e+00 -3.560389741014159171e+00
-1.213971968492046827e+01 -1.690453981888415447e+00 -1.015974793894066863e+00 -1.220648843444772602e+01 -8.916252165203530922e+00 -8.534802710273966753e+00
-1.198663725283889647e+01 -2.784564589170292592e+00 -1.324060939638947554e+00 -1.124919402266677082e+01 -8.002364983111936780e+00 -6.894430133408504524e+00
-1.214998047960705740e+01 -2.337574650135676446e-01 -3.161960432367952656e+00 -9.111648770336335801e+00 -1.315152296297813628e+01 -5.773402280535399278e+00
-1.317304580599745556e+01 -2.223761820677466972e+00 -2.425961832733224188e+00 -8.079665465697527083e+00 -1.755615383385175932e+01 -3.065805804022565084e+00
-1.112779040072123671e+01 -3.361799648670675822e+00 -2.716479241769973907e+00 -8.803933264850948959e+00 -1.346482117444817206e+01 -3.229783541046202355e+00
-6.847401939492639755e+00 -1.939831642249344679e+00 -2.324208121722907361e+00 -6.222228053619455856e+00 -6.013099145475883311e+00 -2.794331695295134921e+00
-7.602525464037386271e-01 -1.597774069442173595e+00 -4.719859027944807717e-01 -3.444669315632836515e+00 -8.219291158446843104e-01 5.173326686789734286e-01
-1.176217050790894003e+00 1.209414101423094801e+00 -6.799474338628103132e-01 4.867487029531263332e-01 -2.667733280745515079e-01 1.682003391639930623e+00
1.710499650564059615e-01 1.707425566567860320e-01 -1.335096018988623179e+00 -7.679474026830006572e-01 9.599650138617922546e-02 7.271504901093841511e-01
-1.131081485304359147e+00 1.036397528947926444e-01 2.482629361109860502e-02 5.241547853583738981e-01 -1.469161970199922562e+00 1.577134299910513349e+00
-1.365337468357125106e+00 -1.047021114223328553e+00 1.656317387474605385e-01 -7.914502857088421273e-01 -9.123114642238540073e-01 -4.306402006100297775e-01
-4.607824684061174181e-01 -3.454727398086163692e-01 8.954353448853425990e-01 -2.001005157695462611e+00 -1.264741172679170411e+00 -1.384691127168432567e+00
-3.350855858760076744e-01 -9.227741152548236681e-01 2.113819466921168511e-02 -1.937701233838941883e+00 -1.287188448110711869e+00 -6.800613107748272324e-01
-8.960159294199687707e+00 -3.389090291635077801e+00 -1.658592095786977083e+00 -9.687642709608487834e+00 -6.447862060778247084e+00 -4.076918954985393917e+00
-1.497617524669695754e+01 -3.205004275213644949e+00 -1.096778097994300705e+00 -1.071114729837524138e+01 -9.033058642996131482e+00 -7.189730795699626142e+00
-1.297196471538280171e+01 -2.820613643361349343e+00 -2.869611557325371098e+00 -9.107242823583700186e+00 -8.861300134709310328e+00 -5.061816996193443607e+00
-1.768001353803424536e+01 -3.306483178773913068e+00 -2.505337668643119020e+00 -9.662100007128699986e+00 -1.851758000004075910e+01 -3.673323410248837906e+00
-1.747594022184902585e+01 -4.298780260438842760e+00 -3.836192944547739181e+00 -1.159851482702060110e+01 -1.814628737990295093e+01 -6.389714212212141753e+00
-1.077599353920867209e+01 -2.719346188160223221e+00 -1.824944263853611748e+00 -1.259554786514044444e+01 -1.355945699018770867e+01 -6.131039229462332152e+00
-3.753251286128735487e+00 -1.319644930469941357e+00 -3.221707368209525413e-01 -8.857333242241448801e+00 -5.124875233454347701e+00 -5.217532675084060934e+00
9.105259904002663829e-01 1.156837066487651278e+00 3.899155533210910130e-02 -2.970963395163690457e+00 -2.180374629406756526e+00 -3.901989626918419773e+00
2.241879611221958557e-01 -8.573580512385697849e-01 -8.167076159617282782e-02 -3.936507039273148267e-01 3.937913258435512542e-01 -1.445476329248726266e+00
-3.051717378799897670e-02 -1.554830849230927903e-01 -1.239934559350793108e+00 -6.050523723448898439e-01 1.135682027399091965e+00 -1.143243537489192052e+00
-6.496678788556116135e-01 -1.653672397976007735e+00 -4.714186048580111255e-01 9.634335678975082251e-01 1.009365327664039746e+00 5.799016034050851198e-01
-1.213336337430298423e-01 -2.226434486042688510e-01 -2.545731159711857039e-01 -1.021314834764080137e+00 3.119084251941736108e-01 -2.676325360011874821e+00
-2.041343736864293656e-01 -3.394390468398709171e-01 -6.888445821311410810e-01 -1.913665908550818751e+00 -3.902979129277932557e-01 -8.416635284241054116e-01
-1.240965623199688395e+00 -4.834867276450716123e-01 -9.062609459830622827e-02 -2.899471796464046847e+00 -1.698415729032207944e+00 -1.476110090948562270e+00
-9.720582736852124484e+00 -2.782622208411645648e+00 -1.757332788215232977e+00 -1.009229670650077892e+01 -7.280911917517175702e+00 -6.868584218505329630e+00
-1.628922141694420489e+01 -4.615635800606120220e+00 -3.151907686225965399e+00 -1.183483306304683502e+01 -8.483469664554709411e+00 -6.080364877027770731e+00
-1.909231031527260569e+01 -3.633047598428388092e+00 -1.577001291786728210e+00 -9.695859286584704861e+00 -1.264053976409588564e+01 -4.595704563267218212e+00
-2.398460787111696035e+01 -5.662628552754234157e+00 -3.549266917374285235e+00 -1.392544819741181428e+01 -2.435774359893795094e+01 -5.598030819423332360e+00
-2.171988477785797045e+01 -5.272437755664841852e+00 -3.885124452540711371e+00 -1.552005942760685642e+01 -1.956075770220424559e+01 -8.555038325959351653e+00
-1.305017257703553923e+01 -2.907677000809418821e+00 -2.136577717975028712e+00 -1.486023359283150391e+01 -1.280688983079448739e+01 -8.477438236302480945e+00
-4.839005786715232738e+00 -6.431104981419677458e-01 -6.059856945088211155e-01 -9.207725598259342448e+00 -3.893285798121063124e+00 -6.744515167131824640e+00
-1.000288874864848410e+00 6.316616264077757892e-01 -2.127188208965308469e+00 -3.769254479817122139e+00 -7.128929569854470794e-01 -2.987395688336807353e+00
7.062798615625888177e-01 1.030938860094770426e+00 -1.919076988764710112e+00 -9.687528410805756884e-02 -3.916778849875249824e-01 -9.506214857033212784e-01
-7.073444544328687245e-02 -1.145754128265147775e+00 -1.727457108449701462e+00 -4.712354811990441816e-01 3.734135493420774332e-01 -1.201110442410050050e+00
8.297821459732775962e-01 2.247508694039219157e-01 6.126184560336839224e-01 -9.918816426460304037e-01 -8.947205224239803689e-01 6.525382816044337231e-01
1.961883211153208351e-01 -9.632035678803433764e-04 2.589461860702824691e-01 8.335849517937983233e-01 1.247247584368361417e-01 1.202702173519951678e+00
-1.295568477909922134e+00 -3.787015413099273364e-02 4.837385341550037299e-01 -1.426831288107371642e-01 7.190858678931788539e-01 -1.049465820800276949e+00
-2.111059670324697102e+00 -1.070206435845347581e+00 -1.422498711743044542e+00 -4.485364921879540390e+00 -2.936178101905462690e+00 -7.035544317310611362e-01
-5.722086325921879713e+00 -2.405306050535764406e+00 -1.955182986932053613e+00 -9.769591675031316313e+00 -6.660567560351595695e+00 -5.188783326043651556e+00
-1.047731104563125371e+01 -1.907051377114415747e+00 -1.793866984128281050e+00 -1.116940777955310438e+01 -9.884021004559642165e+00 -6.138471381722422571e+00
-1.436866315279622519e+01 -4.363655021140276702e+00 -2.410003320447366093e+00 -1.094179018208801146e+01 -1.475782604703969092e+01 -5.291708658094143480e+00
-1.951421666593552473e+01 -1.864487895350148472e+00 -2.749299121533897772e+00 -1.325706728377721966e+01 -2.098182959341421849e+01 -6.060038945900904750e+00
-1.686564652604418058e+01 -3.471292611712144094e+00 -2.273111815980015216e+00 -1.402902170571037388e+01 -1.478078194107335719e+01 -4.768767965927337649e+00
-1.214900712347661837e+01 -3.361304514137215538e+00 -4.298384490995760032e+00 -1.298478668587473805e+01 -1.109051087167968319e+01 -7.917194088821375431e+00
-5.890757149870685438e+00 -2.172123570206854648e+00 -1.740610981139631974e+00 -1.121433764373340836e+01 -5.806963631471169229e+00 -7.967572508485162963e+00
-1.620572042159375004e+00 -1.072908723839789968e-01 -1.107579784030373160e+00 -6.051351541044346583e+00 -1.672426264865698009e+00 -4.300354231880378464e+00
-3.239894262892977772e-01 1.432258490041908860e-01 2.160223581979693996e+00 -1.345452505426756762e+00 -9.321052791512969282e-01 -4.700074850535225224e-01
6.594320230932241289e-01 9.411177582735880121e-01 -9.318429797553492988e-02 1.707547728711710455e+00 -1.308380973225892197e+00 -3.714875990960251895e-01
-2.790581240906165883e-01 7.953519787357991033e-01 -6.405327681485782909e-01 8.171334810423350747e-01 -2.459797480455893498e-02 1.131498789497270785e+00
-6.924514179953306092e-01 1.047474629691855341e+00 1.377012544867037391e+00 -9.205265644414273307e-01 3.320882255704412089e-01 2.209121883226550231e+00
-2.202152156916513004e+00 2.212823726724102436e+00 -6.913762141827490826e-01 -6.250795003191619292e-01 -2.044064582942202613e+00 -2.857502381171515005e-01
-3.060839574618711811e+00 9.847760006226744522e-01 -1.614851285686788707e+00 -2.607186142082200675e+00 -1.826826507499346164e-02 -1.548832754430555791e+00
-4.279908687880823237e+00 -1.732129180068879615e+00 -7.789507596869292838e-01 -7.901251434690507836e+00 -4.533266053724533506e+00 -5.731671553013657494e+00
-6.980292629474163846e+00 1.331729451206135062e-01 -9.495030804060478058e-01 -1.272644744420201057e+01 -8.044308161670803869e+00 -8.392334196130157409e+00
-1.115355508390698525e+01 -1.819816383776996727e+00 -2.160296365026871612e+00 -1.139446171842546462e+01 -1.518247971277196662e+01 -7.817179917014459356e+00
-1.204193869681087037e+01 -2.833330284594205217e+00 -2.919596080589228926e+00 -1.143058161422293217e+01 -1.621699167800545283e+01 -5.895247279345299241e+00
-1.232008945469329753e+01 -6.461015818875632810e-01 -2.245161860004345922e+00 -1.388267516410610902e+01 -1.224904537836335727e+01 -7.294988172298477735e+00
-1.178521847846657522e+01 -7.051925810389569893e-01 -2.193025296316002404e+00 -1.422188536009191573e+01 -1.029393534776977326e+01 -9.442317952949261795e+00
-5.839617084320293472e+00 -1.327959346798726070e+00 -6.088532036528961910e-01 -9.333862819483957907e+00 -5.363807233347192671e+00 -6.649822273674781847e+00
-2.654243360143631048e+00 -4.611015443707447981e-01 -1.225794816531261766e+00 -4.298287478994063271e+00 -1.807307836905893250e+00 -2.021388370575544435e+00
-7.363587615065092518e-01 -5.586320021088325705e-01 -1.642351925196194884e+00 -1.674817728232679492e+00 -3.768360481014335073e-01 -5.015379300915032701e-01
9.752639739168277311e-01 5.792598945285567513e-01 4.983691423437336399e-01 -8.272941431363561859e-01 -3.542207138030574742e-01 -5.398841694951993508e-01
-1.211106913824516296e+00 -8.865193909876598610e-01 7.592955838410174740e-01 -7.198735837628942313e-01 8.134536705131550915e-01 3.007552906012725402e-01
-4.537222777971901544e-01 -2.201581013954619082e-02 1.582835361735392965e+00 8.543950579195624950e-01 1.147955562596951307e+00 -1.083944163879902167e-01
-1.386835398254715024e+00 -6.227364762444476121e-01 -3.945143872814118602e-01 -6.987562490022659611e-01 6.633448515777047305e-01 -4.794075497057817548e-01
-3.535892774413839756e+00 -2.475902915847335350e+00 -3.173950107662011910e-01 -2.490914449579829437e+00 -1.787474889665130462e-01 -1.885933187429720714e+00
-7.824357818424729771e+00 -1.825013879259546279e+00 -1.307574969904210960e+00 -5.125272432157366609e+00 -5.202468391910159973e+00 -3.478466475221517307e+00
-1.121829577689904056e+01 -1.034617672468474359e+00 -2.918185227901646250e+00 -1.208551337973910478e+01 -1.097077439468512772e+01 -7.783216963877238825e+00
-1.241674214991718728e+01 -1.999377231851683367e+00 -2.311359448364950886e+00 -1.401872682257324954e+01 -1.310743038968194796e+01 -1.145061942186113768e+01
-1.584963309658375152e+01 -1.439036262809415767e+00 -3.483032606462569625e+00 -1.662548863091289064e+01 -1.675434334101506550e+01 -1.106992697946165016e+01
-1.416983639417214569e+01 -3.009783948325150504e+00 -2.758555876016186126e+00 -1.795897114910696146e+01 -1.245632890871875809e+01 -1.072280408962990883e+01
-1.006469610791965508e+01 -2.112981736030029367e+00 -2.863856561703852943e+00 -1.318434196998241070e+01 -8.151986001420647554e+00 -7.512749597387172074e+00
-4.938170763945926467e+00 -4.295129537551289900e-01 -1.415867251762829904e+00 -5.380185936987414763e+00 -4.030795832177893168e+00 -1.802805372079872459e+00
-2.337014036091460856e+00 -1.363959468166546785e+00 -1.533941819908670512e+00 -2.009373169075911569e+00 3.405250513766979736e-01 1.782786112957864821e-01
-1.200728665163009051e-01 -2.815057014612090125e-01 -7.439509334597108614e-01 -1.144034102168371314e+00 8.898246174991004676e-01 -6.981022232025770879e-01
8.873720302274950011e-01 -1.386272379532868249e-01 -1.976132374755422416e-01 4.579149538154800858e-01 -1.353747749639271358e+00 -2.074782200876247318e-01
-1.806221245723611535e-01 1.187013808378803104e+00 1.166232028791529783e-02 7.209750773209744334e-01 2.257994555640871592e+00 1.072265828864600978e+00
-1.035918211567005975e-01 -1.225918815766268599e+00 -7.383440386322548399e-01 -5.385982141264743228e-02 4.457084830081519539e-02 2.944563615754543839e+00
-1.791868426141521198e+00 -8.831372803403212401e-01 2.544745131579558839e-01 -6.727939087209965363e-01 -1.598945841253190059e+00 2.964671671420026078e-01
-4.781090379825008618e+00 1.191125714900473920e-01 -5.042555618278881102e-01 -1.306807298561815323e+00 -2.921755427247398451e+00 6.587773450026968014e-02
-9.712157570574172283e+00 -2.258498539782166858e+00 -1.172185736548652546e+00 -2.928654156257841201e+00 -6.071843119815318879e+00 -2.472477081041168923e+00
-1.362817297014653306e+01 -3.307863354385210286e+00 -1.844794060749495479e+00 -5.812571683830845437e+00 -1.165327456981951393e+01 -2.538210096420490558e+00
-1.680916865251334258e+01 -4.563889619714272428e+00 -2.923973123032447052e+00 -8.863479803009779445e+00 -1.467650324033313858e+01 -4.751949603344026940e+00
-1.635390057537345498e+01 -4.192061779391123011e+00 -4.019523386340101645e+00 -1.180764937680011784e+01 -1.486704766320146476e+01 -5.599411621627688795e+00
-1.292552653520280614e+01 -1.989780777646414922e+00 -2.072009131673269167e+00 -8.709998651511643430e+00 -1.205943282438165021e+01 -3.668938968962522917e+00
-5.026985311678342505e+00 -2.204231665321634281e+00 -1.433997988758007436e+00 -5.582144770224840791e+00 -4.010623559385403603e+00 -7.090920471088596466e-01
-2.618355569311360043e+00 -1.101198849279722669e+00 -4.451415432131660133e-01 -1.595809084642982212e+00 5.376548704253205635e-01 -3.077292495709397002e+00
-5.861814681978880781e-01 1.551516655227503039e+00 -5.628376545928611696e-01 -7.442445048833663535e-01 -6.234757723847611510e-01 3.094017612231578784e+00
-4.933875592922239428e-01 8.392624643343163937e-01 -7.630751498023311680e-03 -2.076801759634724576e+00 -6.965381347470080975e-01 1.526408279388478118e+00
2.727282355928643542e-01 -8.435446177658928457e-01 1.370398065721842418e+00 7.752597920216809380e-01 -1.517235259912036449e+00 6.451303943027419940e-01
1.125446156729994485e+00 1.432802235117981882e+00 -1.992753701387575793e+00 -5.742232941387038769e-01 -1.140844986087264923e+00 1.729701592676321065e+00
6.027821982151937430e-01 -1.252772200862891205e+00 1.318059924495877722e+00 -1.749009880907855141e+00 5.362710866322795145e-01 2.478547749953342372e+00
-5.368361562252885744e-01 6.576350326988996686e-01 1.183797376026550552e+00 1.120796288206282965e+00 -3.386527741580717676e-01 -2.311276427906494846e-01
-1.385821874845293067e+00 1.290217843342083448e+00 1.612915355455110777e+00 -1.787889468437687368e+00 1.810147671134982872e-01 -8.278737776120579372e-01
-1.472173893650617904e+00 -1.881220218785235376e+00 4.559480617967934801e-01 -5.932198942102068218e-01 -1.256523141688294709e+00 -1.662415820389496091e+00
-4.834464756474523561e+00 -1.260459749645169492e+00 -5.887523019966689475e-01 -1.872550488088399412e+00 -3.467235542463460884e+00 -1.969227458191435298e+00
-8.062675408410884259e+00 -3.677208083250186554e+00 -1.981515951947399712e+00 -3.185632923802704575e+00 -4.872891645775252911e+00 -9.923703035642650327e-01
-6.586606489008569376e+00 -1.543296344331178238e+00 -1.084440350325845071e+00 -4.895684873259365411e+00 -5.618039839664367818e+00 -1.114189332603830795e+00
-3.365957198570822761e+00 -1.742816508062303704e-01 -9.022789533962329855e-01 -4.309518879693102988e+00 -4.589591816932450996e+00 -4.719483671474771214e-01
-1.201726217922203688e+00 -9.122338995104439796e-01 -3.155314844761348825e-01 -1.689102062907160695e+00 -1.687915064526143372e+00 -9.077450647102391912e-01
3.945653551780097246e-01 -1.026583086248427645e-01 -2.592207827079324733e-01 2.907987883555158692e-01 -6.281101753795332865e-01 8.016499054421241111e-01
-1.316397536949847624e-01 -2.023671787882922457e-01 -3.447082842855937468e-01 5.650275070080148510e-01 3.694214473535198384e-02 8.570918956270515698e-01
1.300431885351219785e-01 7.226828875366855254e-01 -4.033467741610208823e-01 -3.742671381077471437e-01 -6.319839278239627323e-01 1.673639777497783809e+00
1.011403269233837054e+00 1.138833146632127535e+00 -6.999725459170641484e-01 -2.218608811865767083e-01 -1.264650382194315581e-01 -2.914129475136739700e-01
1.151352716984505697e+00 -9.794296943124047861e-02 -1.128526277675507977e-01 8.732523153484945955e-02 -3.001884328598637963e-01 -3.047436790704449727e-01
4.680738799127546201e-01 1.392864869966996100e+00 3.423477878747482883e-01 1.140306193006096036e+00 -8.456720174343196339e-01 1.784024094358309220e+00
-1.146615935724403013e+00 8.146343347626151532e-01 -2.077185120292752429e-01 2.693479245508449971e-01 -1.336529288132099591e+00 -1.367180693172405370e-01
-1.142979482046082129e+00 1.391605044615957243e-01 3.525116501469594543e-01 -6.282034573557879753e-01 6.789854865739631817e-01 -5.598007677813475746e-01
-1.386918877034924780e+00 1.112552490344632439e+00 -7.315459553759526834e-01 -1.284364562211607330e-01 -5.688193533745384833e-01 1.447140090421865866e+00
5.198394852079029071e-01 2.626363302550409062e-01 -5.697092431291470582e-01 -8.469417284746407759e-01 2.063403085567716122e+00 3.554692951466282835e-01
2.372365556725501146e-01 -7.257431831059183436e-01 6.495063649242316384e-01 -1.339381021117642678e+00 3.098521713965141089e-02 1.490616232211876557e-01
1.955610357203753646e-01 -1.856853076580107231e+00 -9.057868705031586476e-01 -3.860290751245073482e-01 1.067348340891296932e+00 -1.739873787466587718e+00
-3.999571967899075431e-01 -1.354439321501396565e+00 -1.062310299508068656e+00 -1.769655093773753851e+00 -2.050770921146757297e-01 -1.511290244177973641e+00
-1.572920978412666981e+00 -2.951091341064659423e-01 -1.318648764518226990e+00 -4.419577946448401407e-01 -5.991056287190162921e-01 1.299362921330948772e+00
-1.464230415779047556e+00 -1.138108148010147369e+00 -1.236601598914830680e+00 -8.172799105273360898e-02 1.168722759033445691e+00 -1.474027232752783467e+00
1.767716611499482449e+00 -1.045547737691289170e+00 2.153640113854220939e+00 1.998449698785946360e+00 1.852502021682173705e+00 5.541336318568662600e-01
1.566471021510873252e+00 7.057704794969212880e-01 -3.111928186300424448e-01 5.820454719598622088e-03 6.135390444368238327e-01 -4.174313576983175733e-01
4.791015729000230872e-01 1.036794837582213358e+00 -2.780189865118017911e-01 9.517587743200460748e-01 1.370542903172067728e+00 1.744622164979963141e+00
-3.501633175825201505e+01 -7.537765547224403839e+00 -8.126422058310822649e+00 -2.671122329734940593e+01 -3.493797135986894631e+01 -1.635552183668821868e+01
