-3.690345503464085297e-01 -1.116489462099421459e-01 -6.323354155126368337e-01
-2.210533592015627435e-01 9.454424590865612155e-01 -3.661237797716173636e-01
1.663793658841728584e+00 8.165673486140870851e-01 1.064590168012267579e+00
-5.007596037503503350e-01 -1.942839471126472484e+00 9.347150913687607421e-02
2.096243764226493944e+00 1.064130527857844344e+00 -1.479559119319871829e+00
4.779556643696694085e-01 -1.044827139218564183e+00 -1.349573931456289622e-01
-5.687631152991391437e-01 2.794379787602023837e-02 -1.363153481147824975e+00
-3.156137914001486133e-01 -2.349295611600819456e+00 -5.187444887223414680e-01
6.369590856623406072e-01 1.682158063009379312e+00 1.521889825618193859e+00
-3.330920881657095656e-01 -8.422715618262776038e-01 -9.107451443511695999e-01
-7.548221062581763618e-01 -5.102008192182352353e-01 -3.918409531392197387e-01
2.917798575684263263e+00 -1.284694225879712715e+00 -2.645270789971940761e-01
1.203288513434200846e+00 -5.895235515301279206e-01 -1.724471098681023662e+00
-1.130787362462728929e+00 8.342268771734872024e-01 -1.753296953881798848e+00
1.168657928663766832e+00 -5.260001647683008041e-01 8.153683750978427125e-02
-1.582540467868107426e+00 4.868038065966174832e-01 2.724288824147313437e-01
-6.112007241422745540e-01 -3.824598532946262286e-01 -1.909211851320594233e+00
7.471826485038512988e-01 -1.046889312840060704e+00 2.560796567344889585e-01
1.116593655365817783e+00 -1.771500801313672380e+00 2.761149961661815144e-01
1.126676097404557098e+01 9.879393534774278507e+00 -1.757363817734373512e+01
-1.642022011802074388e+01 2.904431461021943939e+00 1.291883217740887702e+01
