150
26,79,16,46,90,26,36,56,95,89,87,47,75,80,20,21,77,42,5,49,55,53,50,87,25,16,90,37,22,95,70,0,4,10,91,30,85,14,6,15,38,91,46,95,62,49,52,57,44,69,54,57,34,44,2,80,77,80,87,59,52,3,85,62,23,71,85,35,3,43,79,57,10,45,5,97,3,94,70,44,61,23,9,77,14,90,18,84,61,97,74,14,2,80,23,18,4,9,74,62,4,26,23,90,6,90,6,79,81,84,19,21,15,25,78,52,43,29,99,0,99,50,48,62,49,63,46,72,86,7,66,2,30,96,24,51,21,71,14,31,83,73,42,94,54,85,22,11,3,79
37,38,20,1,46,35,82,43,36,68,96,45,22,20,32,33,95,52,33,2,19,17,51,57,51,21,15,64,76,11,46,33,70,40,41,9,72,32,18,95,73,94,44,21,87,10,18,47,47,99,24,61,53,98,58,4,39,66,77,15,74,11,78,52,23,92,83,29,75,71,52,23,42,31,18,73,38,68,85,43,2,37,65,60,44,82,30,75,33,60,56,48,41,71,81,92,70,75,16,51,85,87,28,57,91,7,25,71,74,94,55,76,59,73,46,89,18,51,26,45,94,81,83,37,20,78,77,35,21,61,55,91,79,7,20,73,92,19,65,73,7,89,12,6,73,51,51,18,84,59
3,74,13,95,58,97,70,77,45,99,76,15,90,12,61,8,43,48,76,44,62,6,60,65,48,63,65,56,1,59,83,86,52,24,96,55,52,79,70,66,93,87,37,61,6,69,59,3,42,54,36,5,43,38,74,77,31,60,78,82,86,43,49,86,68,91,57,74,30,91,92,69,11,24,76,68,10,28,6,97,57,61,25,15,54,15,82,96,50,80,25,57,5,13,83,10,70,0,38,94,77,73,89,47,54,91,35,59,29,48,81,74,33,49,4,81,93,75,25,74,6,8,89,51,38,12,48,79,76,46,2,14,86,73,58,10,27,1,78,34,80,56,32,52,41,8,62,13,55,4
62,36,34,33,53,55,94,8,7,12,25,81,55,97,99,14,1,68,82,40,3,39,0,99,19,24,42,72,23,70,73,15,41,60,77,74,82,85,29,35,45,34,91,80,52,93,46,31,13,5,44,48,57,31,58,23,73,29,33,49,31,88,78,21,88,20,86,54,57,29,97,3,59,56,74,57,14,8,73,10,37,47,5,90,0,80,24,26,26,42,62,21,52,59,75,75,29,40,70,98,28,40,24,1,60,4,22,55,15,84,58,81,31,73,91,37,96,76,2,51,54,78,56,39,33,32,77,0,49,56,78,29,65,2,60,90,11,5,29,66,98,0,27,58,45,0,64,17,82,88
87,88,83,57,15,34,5,55,32,3,29,3,66,59,59,3,83,29,30,26,94,80,81,98,20,78,15,75,22,69,89,81,24,51,49,65,83,6,16,80,49,32,38,39,65,56,91,1,31,24,32,79,73,18,45,46,42,83,18,20,25,24,64,12,93,75,41,32,8,78,93,79,88,48,95,44,31,18,68,81,45,18,13,97,2,53,79,10,31,77,81,13,34,47,49,31,71,82,10,3,43,97,11,54,19,52,84,80,32,98,39,81,63,49,41,49,59,96,7,63,12,66,94,72,22,98,57,92,58,8,80,78,59,92,59,58,91,19,48,13,88,70,54,38,79,42,14,68,80,73
35,8,58,23,57,66,95,76,54,39,98,67,43,10,11,15,14,97,38,17,27,65,26,72,92,29,58,89,97,50,58,89,39,62,75,81,22,6,37,80,3,64,65,54,56,88,42,4,9,96,62,20,18,59,95,4,46,7,52,55,95,43,7,40,24,50,58,88,3,47,77,48,39,22,97,66,51,35,75,88,69,82,19,66,32,19,64,64,54,13,72,76,6,55,98,95,46,75,57,33,45,89,96,43,27,92,85,79,34,30,5,71,74,35,61,64,35,13,98,44,74,44,67,22,45,31,19,22,72,39,83,9,33,86,38,28,78,12,1,10,40,68,70,32,55,93,58,57,10,8
42,79,23,71,90,22,4,65,42,98,29,43,56,99,57,34,71,38,50,10,48,74,55,50,58,73,73,21,39,42,2,41,6,40,45,10,37,78,17,28,24,73,73,47,72,21,97,13,11,88,29,5,14,38,49,64,7,59,79,93,95,98,67,1,30,28,71,73,30,49,94,72,67,65,24,85,91,49,79,50,3,53,70,89,71,9,54,68,89,73,28,44,54,64,5,55,17,55,63,77,40,24,28,77,24,17,85,92,27,34,10,84,84,82,34,93,51,22,65,61,69,93,98,58,49,95,22,64,13,79,8,66,65,27,39,14,29,67,87,89,45,33,54,64,73,96,8,47,81,70
45,75,12,40,82,69,86,51,75,94,10,70,18,67,24,91,93,32,48,77,3,95,49,90,18,44,55,76,57,35,29,12,51,23,47,46,86,72,30,10,14,85,14,14,99,58,22,19,52,0,18,23,20,94,72,13,38,77,50,52,46,8,85,85,90,58,1,94,38,52,84,39,97,93,47,60,22,41,5,69,68,40,84,3,98,44,25,94,42,22,31,47,34,47,76,56,1,11,24,86,76,33,44,94,18,47,67,6,54,55,68,16,3,65,87,37,21,65,28,92,99,86,38,21,72,21,9,58,38,22,9,2,60,28,69,43,3,32,16,59,73,77,79,40,86,59,79,29,0,15
66,16,27,58,65,11,59,5,2,11,45,42,85,24,18,9,27,34,98,2,57,78,98,7,81,72,33,21,92,99,69,48,97,19,62,85,24,68,30,54,31,29,76,94,6,38,13,53,43,71,29,52,44,68,10,8,58,99,93,70,0,60,49,84,69,1,55,88,43,53,85,92,6,35,72,35,2,30,92,17,74,3,89,61,67,3,70,40,51,5,77,67,2,23,94,21,42,76,89,12,81,57,32,6,95,92,86,15,61,10,72,65,28,46,48,54,99,20,23,87,13,1,0,82,9,55,14,30,72,4,39,5,33,82,20,88,44,57,71,93,60,87,16,78,96,29,86,22,49,22
90,7,84,73,52,39,14,89,77,45,23,28,59,75,6,5,42,89,81,55,76,9,58,11,39,94,60,1,14,89,67,79,6,39,72,74,6,9,41,67,52,3,0,76,0,38,52,60,96,84,20,34,98,98,47,94,31,20,72,59,93,8,76,32,25,13,10,49,55,28,14,65,45,51,0,10,37,56,3,52,75,90,31,12,83,72,81,89,54,61,75,16,22,13,83,34,18,79,20,70,27,98,83,11,66,40,63,50,33,2,77,64,68,69,78,63,37,33,2,61,31,91,14,52,27,41,3,25,41,85,58,48,59,53,5,78,94,39,49,6,26,50,69,11,29,18,99,59,4,99
32,53,13,74,57,82,52,9,54,71,81,58,21,64,67,39,67,60,60,34,78,6,49,41,17,94,63,9,3,53,7,24,46,32,34,98,54,59,74,99,49,61,46,21,85,41,81,91,45,13,23,99,5,56,87,64,87,12,35,4,16,30,89,73,39,13,53,75,60,45,24,90,20,43,4,75,0,56,46,48,60,12,60,77,12,85,3,82,16,6,63,43,33,4,27,60,25,51,67,24,23,39,75,88,7,54,66,29,26,70,31,87,48,18,9,43,64,47,66,36,20,44,86,92,38,95,54,99,78,33,94,52,83,0,51,91,25,24,22,28,45,38,45,55,50,2,42,34,25,17
37,21,59,0,47,39,80,8,83,38,64,62,38,89,98,2,33,29,60,11,19,69,35,17,6,4,66,24,52,46,39,97,18,85,92,92,94,35,60,7,31,82,16,45,51,77,93,94,35,76,80,33,88,55,21,5,95,20,11,5,62,48,39,3,59,54,2,27,74,1,93,34,1,23,62,36,8,91,62,39,27,41,30,35,27,66,47,62,14,31,89,2,56,2,83,22,62,48,69,60,18,20,32,87,89,30,21,48,9,68,71,66,6,23,82,40,5,43,51,72,9,18,75,14,12,84,12,54,56,12,96,61,29,49,94,56,93,18,86,0,74,21,16,51,78,29,72,78,7,76
22,27,77,25,87,52,70,31,38,83,20,68,46,5,89,22,81,91,69,31,2,18,73,1,99,97,77,40,81,12,30,84,78,23,47,76,75,58,13,85,52,83,85,65,83,58,18,57,62,72,48,52,81,34,60,98,46,2,83,67,15,12,66,61,8,56,56,13,8,34,12,67,55,14,8,60,35,82,52,28,86,43,69,54,35,44,3,20,45,49,79,0,48,82,24,35,82,80,10,77,38,25,83,81,81,96,86,41,97,97,52,74,23,30,27,27,77,11,67,94,24,46,7,95,97,95,46,29,11,52,99,87,47,19,94,63,18,92,7,35,6,61,97,0,86,40,43,45,14,72
39,71,19,46,15,53,20,23,30,32,23,27,57,62,9,19,64,49,56,70,82,68,0,10,99,3,80,5,4,51,52,80,22,36,4,85,20,56,93,36,15,65,17,37,59,19,56,53,97,83,24,8,98,33,43,8,42,2,73,47,23,45,9,26,97,17,65,20,83,94,23,70,84,72,77,84,49,21,6,18,82,75,26,32,30,92,10,0,47,4,51,14,40,62,88,2,60,90,85,30,22,83,13,36,51,92,93,44,79,85,77,89,53,34,2,91,82,82,87,79,91,81,63,63,86,80,3,65,74,92,40,51,80,78,33,53,90,45,51,11,63,32,82,47,95,49,28,43,80,53
4,62,10,38,82,87,10,53,4,33,60,50,50,18,9,41,51,37,47,0,39,44,67,58,51,14,71,49,30,55,23,25,44,87,16,16,24,48,66,84,45,59,28,11,87,58,6,61,19,95,29,29,54,57,94,53,88,96,0,89,55,81,52,98,28,0,44,86,31,97,33,59,64,90,26,19,97,61,46,20,78,30,45,53,58,93,79,59,55,86,19,70,61,62,45,23,98,75,3,12,47,85,39,61,62,41,77,10,79,2,96,38,52,36,38,49,59,66,44,18,57,44,54,44,54,61,96,24,14,93,27,0,28,79,68,40,16,99,8,18,45,91,97,40,51,12,7,58,9,96
98,79,83,31,70,85,76,38,67,11,95,4,14,47,79,12,60,26,38,87,11,43,30,37,79,69,34,23,44,91,76,84,23,86,54,50,62,54,41,40,31,18,62,71,86,53,36,93,99,59,82,95,65,41,85,12,17,61,59,86,4,13,32,72,79,59,16,97,84,37,51,5,98,16,60,60,81,95,94,51,57,70,67,19,16,13,90,64,87,3,80,46,7,16,26,40,95,5,51,88,8,79,11,74,99,87,90,19,13,65,1,69,1,35,13,39,73,36,79,8,15,1,90,64,98,15,21,25,32,55,90,68,54,36,74,72,75,1,40,38,93,90,85,21,84,33,19,94,24,72
67,15,63,17,61,59,83,43,56,19,75,63,77,98,14,93,97,51,25,66,76,71,44,30,43,57,6,91,70,10,2,3,6,60,24,48,9,96,60,7,57,49,84,99,37,3,2,86,99,57,43,97,39,85,4,68,38,4,72,50,10,71,40,51,59,36,28,58,6,19,86,61,5,37,44,7,19,13,27,28,57,90,76,97,26,82,58,7,80,22,65,50,7,49,50,82,25,5,3,93,24,8,0,87,37,24,89,92,57,72,89,78,5,10,23,57,0,76,47,93,43,31,75,11,81,39,68,44,43,12,0,14,22,54,5,63,6,20,48,58,82,40,37,95,36,45,23,41,57,68
66,19,35,75,33,28,23,82,2,22,91,61,2,31,40,42,54,0,90,51,21,30,75,90,49,71,37,88,69,86,82,30,64,95,79,33,2,40,88,1,7,83,12,68,28,11,3,24,68,64,43,38,93,10,71,3,55,20,99,91,49,69,9,93,14,89,46,91,6,98,32,34,58,41,32,66,24,90,75,34,49,43,22,47,41,52,7,95,45,92,52,16,7,22,91,56,26,74,81,45,4,65,41,5,15,4,73,44,79,59,66,79,52,32,99,30,96,40,93,19,6,40,14,52,26,68,19,13,93,40,99,11,97,30,2,54,33,85,7,60,0,42,90,85,7,79,30,39,85,11
88,28,51,26,24,81,31,29,80,83,37,75,1,82,84,32,29,33,72,53,60,93,76,24,14,35,8,48,70,50,83,22,44,58,45,80,53,32,92,79,26,67,29,10,47,90,2,84,3,41,83,42,1,23,63,63,31,85,23,23,79,70,48,36,43,9,67,98,76,23,11,2,82,93,42,84,70,99,54,85,2,97,10,34,85,81,70,89,82,73,39,47,64,28,37,70,3,82,29,95,53,90,48,76,69,70,34,62,94,32,68,89,9,58,72,11,28,40,66,50,11,66,4,92,72,55,6,22,53,67,87,93,18,96,74,78,88,64,29,0,7,32,39,78,92,36,83,56,9,40
3,85,58,26,34,59,78,79,50,26,48,60,2,92,10,98,15,28,31,15,82,78,57,40,55,99,91,85,85,23,87,93,11,57,26,86,51,69,51,65,54,25,68,59,39,61,6,16,57,57,28,76,47,60,57,98,42,16,43,39,78,89,0,85,12,84,51,38,46,87,17,68,91,77,16,68,44,18,31,10,18,53,55,41,69,30,9,38,16,78,22,62,36,41,45,7,73,63,94,96,43,92,90,88,23,35,9,67,74,27,82,44,76,12,26,69,92,87,78,97,97,94,62,26,44,25,34,31,32,53,44,48,60,7,55,25,71,23,17,9,30,76,35,50,22,25,76,70,95,47
28,91,74,72,52,78,66,62,25,27,5,26,37,5,34,18,22,69,31,71,48,90,11,61,52,18,32,90,80,90,60,84,22,8,48,77,0,3,36,36,77,36,2,60,85,75,41,89,57,93,75,2,1,62,22,47,70,10,85,63,16,8,56,45,44,77,12,55,32,4,18,35,39,2,40,40,53,79,61,76,73,47,14,93,50,6,17,25,94,32,85,89,75,28,23,60,70,63,82,4,11,65,72,33,97,77,97,22,3,36,54,95,82,11,34,9,66,47,48,77,43,91,88,61,77,88,58,94,31,18,87,63,69,37,59,48,54,18,95,79,33,61,94,36,90,35,12,13,62,10
3,34,33,0,78,20,95,59,91,98,39,11,70,81,90,1,18,69,82,3,7,49,7,33,55,83,22,21,16,14,30,80,6,25,54,57,73,21,97,3,91,50,40,18,22,78,57,56,68,39,80,92,20,95,70,61,81,85,87,16,71,23,94,90,1,10,20,52,50,10,59,66,45,27,85,58,1,79,61,12,26,70,75,65,71,58,87,16,35,59,30,4,48,7,4,56,96,67,64,63,65,46,65,43,46,85,87,0,34,73,90,79,71,69,26,64,43,35,16,18,76,67,99,16,3,0,3,76,12,11,57,53,79,72,4,89,89,94,36,92,17,44,85,77,90,69,27,9,18,42
39,37,28,16,2,35,98,83,44,61,62,35,77,86,51,6,3,89,52,92,68,88,96,9,43,59,91,76,21,34,21,78,15,60,55,85,55,12,35,32,48,79,95,87,66,87,2,33,68,47,16,31,32,38,63,3,70,92,29,89,44,21,50,32,43,64,79,11,72,75,20,30,98,68,0,55,12,76,47,54,10,89,83,74,27,49,0,36,40,96,55,79,51,93,37,21,90,56,33,21,67,57,37,82,22,48,21,25,37,34,25,84,77,75,83,17,21,88,83,60,75,65,90,64,28,77,50,7,56,94,63,59,69,79,29,72,60,45,4,14,27,90,41,65,51,53,50,96,83,4
95,97,14,16,37,70,57,37,16,64,40,26,20,90,56,40,6,65,94,50,55,93,3,77,86,18,93,69,91,65,53,37,29,85,8,61,7,93,33,25,29,47,81,54,4,92,93,31,24,72,88,0,65,65,43,53,59,49,17,84,27,97,78,9,62,25,21,8,7,68,39,68,72,62,19,72,69,61,28,86,8,69,90,78,38,26,70,15,81,37,74,24,75,93,80,31,87,97,28,7,69,33,76,37,81,10,64,62,64,92,21,65,94,81,9,92,59,85,54,46,32,62,13,23,17,99,12,8,94,46,85,24,29,5,12,47,26,8,47,96,70,64,89,66,24,66,16,73,99,46
18,42,87,51,6,74,92,0,72,22,7,29,48,63,47,21,4,89,39,8,8,0,85,34,50,48,34,18,39,85,39,55,70,2,74,73,97,21,65,67,64,65,95,67,69,33,66,34,27,7,90,98,40,93,28,19,45,27,54,25,95,22,12,82,44,2,5,79,22,47,58,24,51,38,8,42,54,22,23,86,31,0,43,20,84,92,81,96,48,4,81,96,86,29,90,87,3,85,83,67,30,15,98,6,77,19,33,63,49,53,45,59,85,97,35,34,95,91,50,26,67,2,49,49,16,93,25,64,73,63,30,31,63,82,33,86,97,72,8,41,73,54,82,37,56,87,50,42,9,71
89,43,50,37,92,93,23,20,83,45,83,90,42,30,7,55,16,57,60,49,3,66,54,69,91,58,24,43,78,29,76,42,27,82,9,11,12,10,99,13,55,90,62,48,63,92,3,72,74,44,63,3,17,83,8,74,89,74,64,82,12,30,97,64,82,93,21,80,55,20,85,65,50,3,97,52,68,88,73,27,38,23,16,92,50,31,62,86,9,81,9,41,67,68,66,43,22,61,24,13,30,69,36,75,37,64,98,22,94,71,51,75,38,71,8,2,40,87,30,19,44,48,70,2,75,83,55,6,2,55,1,59,29,62,38,4,1,29,65,28,41,92,18,43,13,35,14,45,65,72
85,9,31,2,47,84,8,89,74,38,11,48,83,5,66,22,19,49,13,6,79,72,43,31,83,25,11,40,65,77,65,79,19,60,43,89,49,16,72,18,13,93,45,8,97,54,67,17,11,77,8,36,66,1,75,70,97,58,16,50,77,48,17,48,61,59,33,18,41,73,5,25,15,11,22,80,17,36,6,94,69,42,4,38,45,12,93,81,18,32,5,50,83,7,5,90,29,65,74,58,91,63,20,3,47,74,32,52,98,90,21,11,72,48,55,97,8,12,96,95,19,56,67,82,38,0,13,44,81,26,16,46,45,26,54,75,55,51,35,62,37,17,3,66,47,65,93,41,71,35
33,40,89,9,52,21,68,97,73,10,45,61,30,42,30,16,93,75,21,33,23,26,39,28,35,42,9,61,78,83,80,55,76,0,15,24,76,8,20,97,31,51,23,19,36,90,35,80,1,12,38,97,60,4,97,65,48,68,76,43,10,5,96,90,42,39,67,33,82,79,58,34,54,3,34,98,15,78,34,91,45,92,7,4,7,97,60,81,90,33,40,82,2,79,69,21,45,24,55,75,29,18,3,45,31,22,79,14,84,9,58,80,49,51,72,21,79,59,55,37,57,79,34,73,73,95,15,17,4,29,36,52,43,36,68,73,79,33,27,31,74,18,76,12,22,9,18,23,45,7
4,72,64,49,2,58,22,24,10,60,62,35,37,25,66,62,68,90,23,88,57,21,3,88,9,61,60,56,94,31,41,87,24,77,4,62,67,8,10,1,53,51,87,18,38,61,30,42,98,19,5,64,23,58,4,75,88,63,88,27,97,61,48,63,11,29,4,40,28,47,98,67,18,96,82,75,17,92,71,81,27,81,30,27,5,8,10,11,75,27,64,52,84,51,37,13,2,65,60,22,49,57,9,44,95,54,27,67,83,94,82,22,19,59,98,76,91,70,15,17,37,45,8,65,47,91,30,63,9,41,31,6,82,87,47,44,10,87,69,64,49,44,77,85,82,89,77,60,55,60
45,96,64,56,26,69,76,0,15,7,52,57,11,51,0,79,54,81,2,45,88,76,79,56,88,67,81,95,51,5,53,81,50,41,0,62,66,75,8,9,85,9,45,95,81,91,75,14,46,90,16,29,11,46,72,8,80,61,68,63,26,10,21,97,33,51,19,88,42,47,71,77,5,72,15,91,42,85,10,11,40,39,24,32,70,37,73,47,3,60,92,57,35,51,9,36,29,60,70,49,81,48,0,56,42,19,41,21,41,28,89,23,91,93,31,23,42,73,57,32,10,40,25,46,14,17,43,27,6,99,81,72,4,27,40,88,32,90,38,28,89,31,42,13,74,18,46,11,72,25
84,85,7,62,24,21,25,18,13,26,34,57,83,84,94,16,9,5,98,83,96,55,66,2,91,91,44,36,45,43,2,84,84,12,17,23,82,73,22,16,62,7,53,7,94,20,84,71,38,48,0,63,55,14,23,43,73,19,44,82,77,2,9,85,56,78,61,51,96,72,12,51,63,87,63,88,20,30,48,65,2,9,69,29,6,40,23,33,46,62,91,75,32,20,15,28,72,18,69,62,95,65,48,84,55,91,62,70,98,55,78,2,13,49,0,19,20,89,91,62,39,76,26,25,65,50,86,88,52,30,89,75,60,67,7,46,80,14,57,47,26,49,85,53,16,42,31,78,13,95
8,51,2,34,38,48,26,74,29,51,25,93,90,35,74,29,62,30,95,56,88,24,85,80,20,59,16,62,94,2,34,76,34,2,96,20,87,53,35,10,59,3,86,96,68,79,52,7,46,50,25,39,63,95,10,17,49,63,49,22,93,50,97,31,87,5,96,25,98,88,10,88,71,14,20,71,50,67,52,37,19,41,39,34,79,70,30,36,32,67,1,71,17,79,32,38,38,77,80,17,79,51,36,6,6,69,76,47,41,78,44,50,95,29,25,15,67,22,87,67,9,62,31,65,63,27,56,84,41,65,79,40,30,75,50,32,0,26,25,37,32,40,1,50,93,24,68,86,99,74
71,50,55,84,29,77,32,48,13,22,38,54,73,0,84,61,65,66,19,2,2,69,60,2,79,61,95,8,5,6,87,8,78,31,40,45,68,41,72,93,92,57,48,59,86,84,26,35,36,52,66,1,49,43,65,13,59,61,44,21,64,55,15,36,45,88,65,7,59,48,65,17,40,13,82,65,43,77,90,87,44,88,47,77,47,18,67,26,97,48,85,50,5,82,52,52,59,89,30,40,87,20,70,75,14,88,69,60,56,96,37,9,64,36,78,77,66,5,81,32,39,18,93,72,12,92,70,43,77,80,34,20,28,52,18,15,60,58,55,36,0,46,70,31,19,40,52,84,58,38
22,26,14,84,53,98,51,96,9,96,84,60,76,73,14,58,98,80,40,44,32,81,51,42,6,35,70,7,87,48,76,72,29,31,3,82,15,35,87,93,38,77,89,33,3,21,34,81,4,10,85,54,59,74,30,41,60,19,63,7,34,21,11,67,79,26,70,21,34,76,15,46,72,42,92,6,22,4,86,33,79,9,74,50,43,70,54,20,33,50,27,39,60,49,23,18,86,44,55,82,58,71,34,75,91,29,64,46,34,77,66,60,79,7,44,37,17,92,81,4,28,57,64,23,39,75,95,87,38,81,48,91,84,99,86,17,54,58,66,1,42,58,76,44,48,53,39,9,12,67
83,97,20,4,19,4,86,64,48,51,95,46,41,96,79,84,12,55,53,52,82,96,2,56,15,53,43,99,27,27,19,25,99,26,22,48,89,3,63,9,27,9,62,33,43,36,35,7,92,71,62,35,68,98,14,45,90,75,0,52,51,24,16,43,21,8,22,71,50,14,59,26,61,36,18,59,53,4,70,56,9,39,65,39,30,32,25,72,29,29,84,1,63,37,36,29,36,22,3,44,97,64,63,86,5,49,40,5,79,95,0,44,19,4,63,87,83,81,82,25,17,83,87,1,82,18,45,40,66,27,53,3,14,84,13,18,41,90,50,64,50,60,86,0,88,3,30,30,75,92
5,57,87,25,86,60,37,98,69,87,35,8,7,14,29,52,39,9,38,41,9,46,16,20,98,56,7,31,97,41,13,56,81,21,20,39,80,3,34,85,57,3,5,36,51,54,26,38,75,88,17,51,4,28,58,81,51,42,64,68,12,20,51,79,89,48,29,92,94,93,86,44,73,78,5,28,5,42,21,50,9,86,59,99,55,68,44,47,74,82,3,31,69,31,1,44,37,88,83,40,98,62,79,13,13,46,39,68,49,13,23,56,43,98,75,88,25,56,66,3,19,78,40,51,83,38,27,66,61,96,41,24,79,31,20,42,72,77,13,14,76,30,67,52,97,37,27,19,30,97
63,17,40,63,4,63,57,0,36,36,35,48,99,57,41,69,15,25,62,5,58,97,39,45,70,31,39,5,6,83,90,91,59,90,21,98,75,88,38,94,7,13,70,42,83,63,88,76,69,0,26,8,31,52,12,51,92,18,55,54,98,0,64,68,56,38,3,51,92,2,89,1,65,67,12,37,19,78,84,93,49,26,37,99,4,29,16,28,83,69,6,20,99,82,27,19,99,51,38,95,36,74,2,93,5,86,69,99,93,36,46,27,23,30,20,9,18,28,43,56,51,72,83,21,30,25,27,28,92,92,85,56,19,78,68,42,44,81,32,48,50,33,60,93,14,51,65,40,74,47
83,0,51,44,58,84,95,64,57,69,27,11,94,31,47,50,11,60,29,18,24,96,34,30,39,22,55,8,27,27,70,20,52,41,62,76,58,21,7,67,30,44,70,90,27,88,26,33,21,45,73,33,40,94,50,69,89,59,5,49,99,23,25,28,83,30,30,31,46,89,9,62,14,89,45,82,22,48,81,0,21,29,94,82,18,70,83,16,48,51,96,53,41,66,88,38,72,85,65,92,40,48,68,24,72,28,39,65,92,21,63,55,43,98,42,68,21,19,0,61,85,78,71,42,92,1,35,3,83,37,31,84,37,45,92,12,93,79,4,57,27,48,11,24,31,88,24,81,92,77
23,74,75,21,78,87,1,73,76,52,68,4,68,50,11,78,70,2,30,2,17,97,97,50,32,41,4,29,40,96,85,83,41,85,66,9,87,88,71,61,12,76,97,3,46,73,33,6,66,22,60,47,18,64,82,0,97,47,57,39,96,15,74,89,67,2,82,5,11,12,6,82,30,87,54,19,21,41,85,73,58,24,62,56,5,74,5,44,2,67,76,43,67,19,70,31,88,37,98,77,74,46,78,97,78,75,87,26,33,17,14,98,90,77,13,3,55,90,55,53,18,90,77,19,40,85,89,6,96,38,65,37,8,10,51,40,81,83,58,28,61,14,70,42,80,68,27,55,51,43
4,30,33,63,38,90,4,14,11,82,43,88,82,79,67,37,75,10,39,60,36,1,31,69,3,22,28,1,85,48,73,79,33,83,19,59,1,44,96,96,20,63,87,88,51,83,22,39,78,16,5,1,79,51,71,77,62,38,7,34,74,45,82,96,59,69,45,66,96,30,71,92,80,63,59,90,6,90,44,90,14,97,0,70,32,7,13,23,57,1,71,13,38,30,42,69,79,1,22,94,25,6,65,39,42,29,50,52,73,93,30,21,19,69,6,68,46,12,61,34,51,70,78,40,80,71,63,31,28,85,17,39,55,70,80,28,43,12,69,40,60,7,94,91,94,62,25,83,86,61
51,4,79,32,97,18,95,6,44,90,3,25,64,25,3,53,25,55,22,43,71,23,56,0,52,98,69,80,66,18,88,25,11,41,29,10,68,53,89,71,32,41,47,16,77,32,73,38,88,54,52,40,27,18,74,99,87,94,54,64,5,60,81,37,51,67,75,14,70,74,2,40,92,73,98,93,43,67,71,69,80,71,55,80,81,72,94,82,91,75,85,60,51,99,94,99,44,19,54,90,65,43,31,68,9,90,68,26,39,11,40,27,57,4,3,81,62,47,51,47,35,47,67,36,24,5,49,44,94,54,30,98,98,84,11,46,10,51,97,48,31,96,73,78,11,60,57,53,48,93
88,49,44,21,84,61,38,82,56,4,35,70,57,58,75,73,55,99,60,6,73,60,4,52,6,39,47,75,3,0,80,31,26,17,75,3,6,64,25,6,15,23,6,44,55,76,32,96,63,79,36,19,57,23,39,38,8,62,32,25,83,57,84,3,74,10,53,88,55,9,6,88,79,78,53,75,21,64,40,21,33,61,72,53,55,28,33,10,78,1,27,65,24,23,24,36,65,82,29,90,83,35,66,48,51,23,25,11,57,12,74,89,75,99,70,99,55,2,85,51,76,58,36,49,31,39,33,38,71,67,91,31,58,7,35,18,1,17,84,88,85,59,65,25,95,20,69,93,77,95
85,36,98,73,88,16,14,78,36,70,26,20,56,23,61,63,9,94,50,12,0,91,63,85,55,38,9,96,10,74,3,41,92,41,24,71,6,33,55,65,30,88,28,34,68,94,70,97,11,90,48,62,49,41,52,86,18,37,12,11,48,31,71,25,4,82,55,81,62,6,35,3,31,55,38,4,44,60,70,61,66,96,44,84,59,12,67,17,3,44,67,58,15,41,28,85,29,80,94,72,19,69,95,83,17,0,62,34,58,92,34,91,64,12,30,54,92,66,3,55,18,82,25,33,99,75,37,24,21,55,72,87,51,39,53,27,27,81,88,48,91,87,38,13,52,0,32,99,75,39
90,24,92,4,8,41,65,4,20,99,47,8,89,99,18,44,37,49,9,7,47,53,47,69,65,41,77,73,31,94,73,28,26,6,21,97,47,3,25,56,34,33,72,24,33,95,31,8,24,39,7,19,10,37,74,81,13,41,93,0,55,22,23,58,38,86,86,19,71,14,51,92,51,5,41,86,43,62,11,22,78,56,26,83,42,3,26,88,24,34,92,28,9,42,46,35,33,20,17,8,89,21,47,28,2,38,83,93,63,76,82,76,39,86,65,21,16,43,15,42,21,61,32,90,53,93,30,61,3,65,20,46,29,70,89,95,72,6,6,21,62,39,81,90,25,45,85,33,23,8
30,73,35,78,50,35,30,68,98,14,38,4,21,35,79,45,86,90,52,47,11,23,88,52,97,27,75,75,2,66,5,12,13,85,46,99,48,0,87,35,85,44,53,26,8,25,99,43,85,66,96,91,18,4,31,47,32,93,45,56,30,1,88,98,83,87,95,50,77,16,7,51,25,57,43,48,68,91,41,12,82,61,54,72,1,41,30,65,55,58,62,88,14,42,31,81,91,58,93,62,3,74,22,6,91,14,78,48,34,22,12,75,16,55,34,82,40,13,63,92,33,47,84,31,45,7,46,61,77,38,14,64,38,21,45,23,51,15,22,49,91,23,83,93,84,22,74,11,10,75
57,22,99,31,18,68,69,71,94,33,11,15,43,32,51,60,95,27,48,11,86,50,30,30,52,86,30,74,34,98,30,1,85,13,44,45,96,81,17,11,64,63,31,55,62,37,44,53,80,24,20,18,27,37,72,82,31,25,40,43,13,39,46,16,3,7,66,6,89,20,13,58,93,7,71,92,73,77,38,40,73,11,0,35,66,95,61,89,84,78,8,58,93,92,16,24,39,7,41,11,98,70,76,10,72,80,73,24,59,21,35,65,51,58,40,86,75,68,34,36,58,4,47,95,54,19,32,86,31,22,20,62,54,8,65,62,39,24,38,30,63,29,49,22,30,98,5,66,27,39
95,25,29,27,89,25,30,88,11,91,15,60,6,64,25,73,50,88,60,69,39,87,20,76,11,30,43,39,70,55,41,57,35,35,81,70,59,53,65,12,15,91,73,94,82,84,62,9,74,78,32,69,56,45,72,42,38,77,50,27,99,27,61,87,89,23,44,54,2,73,32,76,73,75,74,33,82,79,50,89,56,81,15,48,64,13,84,10,21,40,94,18,66,84,93,70,24,17,87,64,89,90,91,5,51,29,0,75,61,94,55,44,11,48,39,12,53,66,14,3,94,81,75,40,91,77,70,3,71,65,92,15,90,37,48,78,76,55,69,85,57,60,21,7,28,94,42,51,92,63
13,52,61,54,88,22,42,65,2,30,67,26,67,0,86,3,26,67,54,83,14,21,42,65,4,93,38,54,95,30,34,23,13,85,15,55,68,62,61,89,23,31,79,76,25,82,66,70,38,50,6,54,34,57,10,87,9,74,12,37,74,33,52,27,16,65,66,96,83,80,40,56,15,71,83,44,32,37,77,12,81,55,20,59,29,36,93,64,59,85,97,68,4,91,94,50,92,90,24,6,22,41,88,36,62,58,98,15,73,91,49,12,1,95,90,52,63,88,4,60,69,4,73,90,27,14,6,35,95,55,94,2,7,79,68,77,10,37,1,45,57,30,26,6,30,22,90,6,23,48
45,64,42,63,16,33,79,78,35,25,12,67,24,72,25,2,36,48,41,67,33,27,1,8,75,75,42,90,27,56,21,37,49,84,50,10,1,51,23,87,3,96,0,93,88,7,54,2,35,96,62,3,56,25,38,84,56,24,11,50,38,63,5,14,43,21,8,13,1,46,62,79,76,87,85,45,37,19,52,36,90,98,90,92,49,68,86,82,13,20,66,43,47,97,74,8,52,50,6,16,15,85,56,9,38,83,80,0,16,33,62,61,51,20,93,73,35,37,93,71,95,88,54,73,27,9,21,56,57,50,79,55,33,45,9,97,71,25,47,48,74,21,25,79,58,79,19,3,6,5
19,29,71,59,8,6,86,47,63,52,8,99,4,12,50,58,28,86,87,8,35,32,38,24,95,60,80,12,56,46,96,87,45,4,49,10,8,99,66,94,96,80,31,40,5,35,7,95,92,32,47,98,70,57,17,23,22,39,31,26,59,14,33,41,70,61,14,90,46,18,88,83,59,39,78,55,70,69,72,70,79,91,47,41,28,60,36,73,1,54,4,29,33,37,57,91,55,95,59,93,83,29,98,86,75,55,44,12,18,63,10,75,95,35,7,43,6,36,81,99,41,82,66,2,37,41,62,17,61,51,89,54,34,23,2,55,12,27,75,37,83,82,46,82,78,54,2,63,42,20
81,23,19,46,74,95,85,71,92,39,10,47,31,46,37,55,72,16,99,16,6,80,36,44,45,7,12,86,56,74,66,98,83,5,34,90,72,11,31,84,76,93,98,85,55,63,85,86,87,66,77,81,70,14,65,79,5,73,23,53,81,84,14,13,90,75,69,57,49,92,91,41,49,36,96,4,36,87,76,74,21,46,47,51,46,8,48,70,40,91,88,15,87,89,43,90,96,3,52,4,7,53,11,37,48,13,73,92,26,90,56,9,35,44,12,37,86,90,29,37,68,52,58,78,90,38,62,24,87,44,69,13,57,11,93,2,54,9,41,75,82,14,77,67,6,18,49,24,8,30
74,79,30,37,39,45,32,86,94,81,47,5,43,15,0,79,21,77,52,30,9,26,82,50,97,43,75,69,52,88,21,7,48,81,55,76,47,80,88,88,71,8,96,6,56,34,73,70,9,42,98,10,86,17,95,33,51,11,78,79,34,63,76,36,40,46,95,97,78,94,5,69,98,6,48,84,58,18,64,60,52,67,42,8,22,56,92,61,17,45,45,35,13,55,94,70,13,89,75,89,28,84,31,80,84,86,53,8,1,96,50,59,55,31,48,26,57,37,18,47,16,68,49,52,70,58,37,34,27,37,4,5,47,79,78,37,59,41,95,0,23,92,16,20,35,56,46,27,49,94
48,72,88,10,22,99,3,0,39,29,95,63,44,38,85,69,6,62,35,53,59,49,67,86,36,9,46,67,78,76,0,80,86,2,32,83,39,56,34,21,53,17,99,59,88,50,88,42,57,32,65,88,85,58,32,44,43,28,15,6,81,16,88,77,52,6,8,34,49,32,10,29,72,34,82,40,1,25,83,94,63,24,71,58,99,18,41,54,12,82,54,32,64,48,43,6,67,90,7,5,13,89,73,47,68,9,95,98,73,95,12,20,30,0,72,40,66,16,91,61,82,32,61,83,61,90,48,77,2,18,17,5,39,0,33,86,72,66,27,78,81,69,95,95,72,36,44,62,11,68
71,69,47,31,40,4,95,22,32,20,82,71,54,48,95,1,74,65,77,54,17,0,87,26,66,43,39,43,19,0,72,18,35,48,74,40,9,31,75,11,82,78,78,12,83,0,51,11,68,1,59,7,97,95,83,54,72,9,8,19,18,51,3,69,5,11,20,67,70,2,26,49,92,29,5,40,70,69,1,88,8,43,72,82,85,72,57,66,17,23,30,37,42,5,99,25,46,77,48,18,63,39,92,1,36,62,38,28,48,42,68,46,92,18,32,50,75,40,84,80,74,2,99,7,60,37,29,68,31,40,86,72,55,19,63,20,75,22,59,53,40,70,95,69,30,9,19,13,15,63
70,44,52,23,8,58,5,62,31,0,81,68,42,33,1,85,59,35,9,67,35,90,44,96,38,70,39,27,90,62,50,23,71,19,6,17,27,71,34,94,52,70,67,15,35,3,75,69,68,3,42,83,47,25,42,11,73,25,9,40,79,59,19,95,8,72,5,29,17,34,97,87,23,8,96,46,30,11,22,69,68,23,33,72,53,70,59,26,5,93,94,55,3,82,95,22,59,15,95,79,0,16,41,80,24,73,62,28,55,83,83,80,60,16,84,64,46,47,4,23,4,23,2,16,86,65,41,52,94,96,6,67,10,47,31,85,92,95,27,53,64,4,24,3,50,77,59,1,49,46
60,5,95,20,12,95,49,76,81,44,75,61,90,55,4,72,89,88,31,99,30,67,69,95,77,19,97,32,5,38,86,57,6,93,28,86,34,51,95,26,2,94,13,81,89,93,46,32,88,8,1,62,85,32,15,19,32,72,65,70,58,42,8,10,99,99,98,14,30,67,72,43,8,66,32,45,24,77,91,9,75,93,34,39,25,21,38,92,2,0,17,97,98,62,69,93,82,54,19,11,17,53,99,80,20,86,40,57,25,60,14,81,29,70,0,2,11,28,69,86,21,95,81,25,29,56,48,92,84,18,52,46,36,68,35,97,2,40,33,99,81,68,32,93,96,91,13,29,16,63
36,46,94,37,55,13,99,15,51,78,97,83,4,45,78,40,96,3,43,52,96,56,51,91,37,16,44,59,21,79,84,40,35,3,83,3,28,14,47,28,92,91,90,17,48,68,11,66,14,63,92,42,7,18,51,3,42,42,4,40,32,68,42,53,32,89,46,99,37,1,55,44,78,66,50,52,22,34,65,29,92,45,39,54,98,88,11,21,35,8,63,53,28,55,97,10,47,42,22,66,42,55,77,39,95,13,14,94,38,88,36,87,22,34,91,43,22,44,76,58,60,45,40,83,21,33,32,45,62,76,0,59,49,72,75,19,26,75,92,23,60,70,17,39,15,69,31,97,0,18
19,97,34,36,51,83,67,51,71,12,67,5,53,79,85,47,45,25,36,73,97,4,26,29,38,22,69,77,27,10,84,49,98,3,75,33,21,41,90,92,10,26,43,2,45,45,18,88,90,97,52,7,49,31,3,61,57,28,22,93,77,30,94,76,17,74,80,28,58,75,26,73,49,90,87,9,78,65,70,11,75,8,35,35,69,52,52,66,77,83,75,19,37,28,60,36,74,88,12,1,79,89,73,35,53,12,78,38,14,5,69,65,51,50,62,26,38,47,36,18,22,51,1,67,36,74,33,7,33,31,96,77,39,66,74,41,46,24,5,39,73,21,32,67,72,27,42,46,48,45
84,31,40,60,35,43,67,41,92,4,31,73,75,53,14,94,27,41,81,4,23,58,68,75,96,64,25,68,56,30,91,8,5,51,11,83,18,18,31,59,74,38,92,51,31,28,37,10,94,72,38,74,56,91,21,30,89,93,46,39,52,40,39,18,12,82,2,89,86,29,85,10,26,14,4,89,97,99,31,15,6,24,38,76,81,87,26,88,1,35,80,83,65,44,90,74,47,38,24,42,32,58,72,31,55,4,2,26,46,68,11,98,15,60,57,40,90,43,24,61,74,8,44,10,11,39,59,13,76,77,6,78,94,57,13,24,85,54,47,35,91,18,10,44,16,66,7,35,30,33
19,37,68,27,30,28,49,43,70,83,80,79,59,89,26,85,79,97,63,35,11,87,71,23,18,49,98,84,14,13,55,35,95,37,89,72,6,99,79,58,32,62,77,20,66,40,90,91,34,6,75,32,55,93,4,35,4,32,78,52,55,84,28,40,6,5,99,42,29,44,51,41,58,62,50,27,11,78,22,41,21,93,75,9,50,64,13,63,44,44,87,13,23,72,37,43,7,72,9,27,95,77,89,10,6,40,96,2,64,58,48,85,61,44,71,31,13,23,68,2,33,1,95,88,87,85,68,93,42,28,77,97,98,24,7,37,42,89,7,43,26,3,33,0,82,36,9,17,81,4
81,65,26,23,20,3,88,53,66,97,86,59,13,33,84,63,16,27,61,43,64,51,41,46,66,34,13,99,30,56,84,94,61,71,9,4,81,81,47,56,19,29,18,35,5,63,35,3,12,44,93,38,25,85,52,31,10,30,83,3,26,71,20,80,34,66,93,49,7,19,30,61,32,24,29,39,73,60,2,18,62,18,3,71,29,73,19,30,26,7,6,36,21,32,44,46,53,37,52,49,98,96,66,19,85,80,82,82,66,58,45,67,44,38,75,98,76,17,58,46,71,93,98,16,95,3,78,41,56,34,80,99,10,63,51,84,20,9,77,3,29,19,68,98,74,26,35,77,33,71
78,31,72,4,61,62,14,70,61,96,57,67,54,63,85,79,14,34,93,41,93,69,67,33,81,5,10,16,60,34,65,19,52,19,39,70,8,89,69,85,45,69,76,38,34,16,58,43,25,94,82,96,16,64,27,12,93,38,26,61,11,8,45,7,96,92,82,63,47,92,77,25,70,21,44,28,74,32,73,43,93,93,64,96,61,93,2,85,8,89,4,36,80,53,18,33,74,4,93,71,9,70,66,0,3,92,40,58,57,99,16,75,74,79,34,90,24,30,52,24,0,50,56,40,8,65,9,50,60,69,39,56,76,37,19,26,82,19,70,96,57,50,72,23,57,30,84,56,47,67
1,47,41,2,28,67,4,88,0,92,25,85,31,56,81,63,0,16,10,51,17,3,16,25,86,56,18,16,64,46,84,77,62,0,9,62,24,76,48,96,27,72,75,11,24,76,12,9,18,23,12,21,82,68,51,53,57,60,70,96,87,78,26,5,11,34,46,69,72,79,80,88,68,21,95,53,62,66,97,98,49,85,8,23,7,56,7,27,62,49,76,20,5,31,38,68,28,48,89,2,94,59,31,94,87,59,23,77,15,12,74,36,11,69,63,35,41,74,94,0,37,0,72,68,23,30,93,80,22,96,18,81,89,35,31,46,36,15,31,94,27,48,86,71,39,71,75,55,13,53
32,65,19,46,67,16,54,49,49,37,1,35,76,29,13,88,92,40,66,91,94,10,70,32,76,35,58,2,44,83,53,2,49,39,42,57,96,84,63,49,48,84,48,77,51,65,15,20,10,33,42,17,21,53,5,54,91,24,93,26,11,29,55,36,98,52,12,80,7,7,13,24,62,17,71,45,5,86,31,59,38,92,68,55,42,28,36,48,55,63,43,76,84,29,12,34,75,55,79,38,79,12,58,26,84,46,47,47,33,28,57,74,53,92,50,38,20,84,72,77,83,12,45,70,44,28,26,7,96,76,21,47,55,48,49,37,37,81,72,68,66,58,11,34,20,21,65,27,62,80
74,9,5,57,99,82,72,41,53,70,77,82,30,21,50,99,3,98,46,73,57,6,71,78,49,3,52,6,83,57,78,59,11,66,46,16,51,81,33,18,43,5,17,15,81,6,72,10,49,44,14,18,20,56,93,30,71,51,31,96,55,7,46,71,74,85,72,25,78,17,77,70,73,1,45,51,87,64,88,81,17,82,64,55,25,96,31,84,10,63,98,45,91,59,79,94,99,14,48,93,18,83,40,69,88,95,5,54,53,13,9,29,24,48,29,72,58,8,14,23,19,14,66,22,35,66,20,12,74,65,14,72,91,66,83,87,82,89,3,95,91,92,18,53,2,19,44,58,72,4
91,37,77,22,32,71,14,80,59,63,80,9,20,17,77,12,78,27,75,46,6,49,64,34,96,95,21,74,67,96,10,89,81,62,23,89,73,72,60,91,42,41,76,29,67,17,33,51,73,49,81,50,3,57,81,60,54,96,31,15,66,94,30,17,58,81,86,10,37,63,72,46,0,17,4,55,2,73,34,33,82,51,69,22,85,24,10,86,0,10,3,56,38,23,98,18,64,62,68,65,90,78,21,77,66,27,31,70,47,13,39,64,24,71,10,77,70,12,44,77,22,28,62,30,59,88,60,25,96,44,5,80,21,58,7,42,19,23,51,94,32,55,7,15,82,32,19,53,74,4
4,78,60,33,91,62,57,81,17,92,96,43,14,79,87,34,77,1,17,53,31,41,30,6,78,13,79,89,67,55,3,22,72,26,89,87,83,66,0,58,90,29,34,37,3,62,15,7,80,64,48,41,73,43,78,43,26,27,75,88,75,5,44,97,77,87,77,74,18,38,59,52,48,8,51,16,68,15,91,90,57,49,10,18,5,17,57,71,69,74,26,91,34,46,58,72,93,90,59,65,84,81,95,42,58,88,17,79,65,86,4,78,84,10,61,23,68,21,33,75,90,41,8,61,84,60,48,48,19,35,17,88,10,23,40,51,81,69,26,98,5,70,32,54,30,26,85,16,93,35
6,68,30,61,21,49,52,52,56,38,38,37,84,64,98,56,50,32,37,31,46,91,64,88,0,96,52,9,19,51,35,40,95,50,89,75,64,69,18,70,0,69,31,82,55,45,70,53,21,0,3,80,2,15,97,49,5,84,57,2,85,17,93,63,97,99,1,98,52,74,9,35,91,99,0,57,16,7,27,77,96,55,5,91,13,2,32,72,53,25,7,41,6,68,1,36,85,76,47,8,97,80,33,62,47,8,62,22,15,29,95,70,71,39,7,21,53,51,19,15,87,88,29,53,21,28,70,43,68,41,42,39,9,88,65,33,90,16,64,39,85,41,34,11,19,15,11,72,64,39
38,64,91,30,88,72,98,28,96,43,24,47,28,93,63,79,24,6,85,77,21,95,90,70,61,91,54,96,13,4,11,0,54,15,76,40,92,63,80,36,38,25,36,9,19,46,21,78,5,46,88,79,77,55,80,38,66,57,29,98,39,20,16,19,65,16,23,57,55,2,67,18,69,99,58,35,97,52,55,88,30,10,61,57,96,26,29,84,68,85,91,93,9,32,18,88,75,10,15,6,88,73,19,51,20,25,32,76,81,92,35,11,34,65,25,69,53,20,59,49,93,97,4,72,18,81,42,14,38,3,33,45,2,88,9,25,75,60,36,66,63,89,96,27,45,67,43,34,3,9
51,81,33,15,68,39,56,33,92,55,4,83,82,67,9,58,40,86,5,90,85,23,47,36,97,58,13,3,6,0,55,53,36,66,37,2,53,68,23,74,54,68,69,67,86,35,8,30,80,79,58,25,93,75,50,99,62,93,28,41,34,7,43,61,96,77,19,20,7,63,55,57,1,97,75,42,65,33,66,30,49,90,53,40,31,64,51,63,90,96,20,98,40,71,18,73,35,9,68,22,20,51,54,30,80,67,32,94,25,52,36,58,20,32,70,10,13,67,77,86,17,98,90,50,85,0,95,81,3,81,24,84,14,27,31,54,68,48,6,46,96,70,19,57,47,4,16,30,80,9
23,38,35,46,81,50,32,85,12,68,92,22,95,77,29,54,47,11,53,56,85,5,91,95,78,31,55,93,54,53,15,6,20,90,59,84,1,23,88,44,38,66,96,60,60,98,21,19,23,14,40,18,28,7,99,12,97,63,31,92,71,46,51,19,69,17,86,19,30,78,52,19,18,37,83,24,24,25,5,7,74,39,65,94,57,99,15,69,55,57,20,84,67,33,34,78,55,1,72,86,37,74,93,81,78,53,98,37,46,54,50,70,61,3,81,97,47,50,69,98,44,85,7,41,1,97,48,74,87,79,29,68,96,98,11,81,79,53,97,47,64,64,20,15,95,14,93,40,49,77
52,24,63,15,60,22,72,11,76,80,13,51,56,67,97,60,80,92,43,68,85,63,87,19,35,87,49,91,52,68,63,53,16,19,33,91,48,34,33,95,29,5,75,33,53,58,1,41,71,95,8,77,71,80,93,54,37,90,42,56,16,76,49,29,67,5,32,28,40,1,51,88,49,58,17,39,45,69,3,47,62,44,72,18,70,41,0,42,10,89,68,29,2,64,51,30,66,61,63,99,13,1,82,44,48,50,37,43,48,1,5,41,1,36,83,41,84,33,21,59,26,3,72,32,33,63,39,39,70,6,18,8,16,14,89,18,37,67,5,92,25,41,68,9,57,47,49,97,46,21
7,6,74,89,77,58,10,61,15,37,5,19,22,82,58,90,95,25,41,53,84,83,54,4,71,84,41,45,98,72,57,84,81,85,7,78,9,97,42,36,98,6,4,22,73,59,89,19,48,89,45,73,92,62,27,86,69,9,44,72,55,79,18,70,26,92,31,17,80,26,75,22,30,90,55,71,12,4,86,43,29,2,52,4,25,35,57,60,2,18,58,2,6,38,34,82,30,90,22,22,35,18,27,62,6,24,12,22,45,86,84,20,53,85,21,87,68,58,50,42,78,22,17,62,23,95,6,28,67,60,54,32,42,1,57,40,19,16,35,69,56,71,32,1,98,57,25,86,41,64
61,45,10,66,3,24,12,89,52,49,67,43,13,83,12,13,46,44,52,84,26,18,65,14,7,75,25,1,53,79,93,36,76,86,67,2,92,67,93,79,70,64,62,59,33,4,6,23,79,36,35,63,67,9,58,62,26,73,79,62,71,48,66,68,88,88,91,57,60,77,40,89,98,1,38,67,99,70,24,4,32,66,92,63,44,56,73,63,84,12,0,97,13,99,97,41,92,11,9,34,61,79,61,53,12,37,36,90,0,69,78,83,61,63,81,5,42,5,67,10,66,53,25,23,54,17,7,74,43,60,8,31,90,55,18,77,91,9,50,6,22,55,5,43,94,19,95,62,92,84
86,35,91,77,41,7,17,85,42,37,79,60,0,97,26,10,85,96,63,16,77,64,18,90,36,64,11,78,75,72,19,91,38,24,62,13,0,32,87,91,83,54,26,73,38,53,77,40,46,19,30,78,55,25,24,20,39,53,23,10,21,32,26,7,86,30,5,71,34,4,95,52,99,44,54,79,54,92,12,3,75,93,21,4,5,21,33,84,75,21,97,60,93,16,86,55,1,88,62,97,79,99,31,25,17,42,47,12,1,53,55,27,59,95,62,63,77,15,68,15,49,51,84,99,79,52,96,53,46,80,23,80,7,64,90,84,33,34,25,15,13,64,81,29,11,37,63,29,20,90
25,24,72,59,79,95,81,95,80,81,77,44,59,6,69,5,53,60,99,48,7,65,11,26,41,20,70,75,48,57,27,73,25,89,8,90,84,21,23,79,42,24,40,22,40,70,18,80,38,30,38,64,0,2,81,65,86,58,8,33,68,73,8,54,11,40,34,88,93,55,4,62,79,82,54,43,60,6,69,21,65,78,4,67,56,34,70,4,62,86,5,74,10,46,91,0,40,2,79,46,53,65,25,7,32,1,95,72,38,98,46,45,70,42,58,77,46,99,41,12,42,54,60,97,53,50,36,40,57,72,50,90,27,3,74,73,90,30,90,15,70,6,22,75,2,12,35,66,95,47
27,88,18,59,18,81,79,64,54,88,44,23,7,33,56,33,66,9,54,38,49,69,87,0,28,22,35,76,4,18,62,65,27,6,95,15,44,30,10,52,12,92,14,43,84,20,60,54,63,72,64,32,50,4,18,28,62,91,84,34,54,43,14,3,62,83,15,2,42,36,39,15,19,14,81,58,5,45,18,39,28,78,75,31,24,25,37,98,58,93,85,75,7,72,17,93,87,15,7,66,72,9,42,38,9,44,92,40,86,94,69,26,26,59,30,36,94,32,90,8,87,78,8,82,17,46,17,73,23,62,36,45,17,62,52,20,62,90,33,24,81,32,67,15,0,13,84,9,94,66
20,60,71,49,80,14,90,82,99,47,66,19,25,9,32,31,48,18,73,57,74,99,53,31,43,97,58,70,64,51,74,46,49,29,81,16,13,99,9,87,67,57,97,3,15,55,88,6,46,55,50,50,18,22,1,17,66,74,58,62,90,28,89,35,40,20,97,0,77,39,8,21,76,88,97,10,63,9,18,57,21,46,81,39,37,73,33,16,98,33,53,99,1,85,42,96,68,53,19,67,72,91,44,2,78,84,34,70,44,99,50,70,13,23,44,74,28,81,29,26,63,40,3,96,86,60,40,32,75,91,93,0,14,49,82,1,72,29,86,4,17,54,5,23,33,29,39,74,86,85
26,74,23,62,8,88,41,47,74,60,65,38,49,55,21,92,60,34,48,91,33,1,20,92,40,77,20,43,47,44,2,89,93,62,23,20,79,80,14,5,68,47,88,25,67,33,11,74,30,48,89,32,69,63,9,78,57,60,9,35,82,4,47,36,69,46,40,95,88,16,75,69,34,14,4,55,78,93,57,45,30,80,79,78,46,92,85,81,29,71,65,29,62,67,89,13,36,6,42,26,66,8,47,31,18,18,60,34,96,86,59,49,21,45,83,83,10,99,96,57,1,91,68,39,72,6,48,27,46,16,25,4,56,62,73,87,65,76,34,38,7,45,52,50,44,42,28,48,48,54
35,92,60,17,67,94,42,47,10,66,50,89,56,92,0,11,29,95,99,59,7,51,74,40,23,9,73,80,61,40,3,84,91,39,19,22,36,57,76,25,79,63,10,98,58,8,66,78,44,3,70,10,20,62,89,79,39,63,67,84,53,7,40,49,60,85,67,44,48,4,23,97,11,61,41,16,82,0,47,50,30,26,72,51,9,5,37,74,47,89,88,85,5,33,70,69,70,90,85,18,26,27,25,36,0,5,56,76,69,96,56,87,11,74,99,70,48,82,42,53,92,72,88,13,9,85,33,36,47,77,62,45,37,46,85,66,47,83,91,82,3,33,37,2,90,35,28,35,94,14
44,2,40,56,2,80,76,30,74,10,84,84,20,84,73,0,1,3,89,58,47,96,7,76,44,33,79,89,3,67,85,72,2,6,13,47,23,11,16,26,82,78,3,83,23,76,46,73,40,88,9,39,80,78,2,67,51,3,90,5,57,16,82,77,88,50,13,99,37,72,80,99,28,27,8,35,86,11,89,47,85,43,88,77,40,93,99,20,88,43,1,56,18,49,64,35,55,59,89,75,15,8,55,98,99,9,77,36,74,67,70,65,19,98,58,72,64,2,41,50,76,70,21,84,90,47,40,39,39,64,10,30,98,13,14,23,1,43,71,56,8,93,58,49,78,51,16,38,24,57
27,57,33,18,89,80,67,84,23,20,88,84,77,54,45,51,3,62,14,62,10,41,23,63,1,53,97,38,99,82,72,77,62,32,55,66,2,0,71,58,18,9,48,34,35,86,57,28,98,84,11,71,18,11,85,22,93,9,64,78,95,87,14,80,60,37,68,81,66,12,27,72,82,9,39,60,19,77,81,95,46,77,19,51,90,50,51,90,72,18,66,55,77,76,22,92,88,85,10,5,96,37,42,32,99,2,34,72,95,67,69,96,85,32,58,81,42,33,9,84,66,67,33,97,6,11,86,13,79,86,75,20,46,29,38,90,68,41,49,31,99,4,19,98,97,50,15,11,28,98
55,38,66,93,87,16,50,0,16,74,98,79,18,38,80,54,58,61,79,71,15,25,22,38,30,51,75,71,75,48,31,8,25,1,28,47,19,26,33,34,47,77,68,54,53,21,64,57,36,3,23,26,16,82,83,92,3,7,3,33,65,38,98,29,31,27,44,91,66,40,30,3,38,87,89,77,99,10,91,44,2,51,10,75,60,52,11,25,10,1,78,12,1,4,78,56,66,62,67,18,16,41,56,20,24,1,68,4,17,69,3,12,12,51,73,21,21,39,3,52,19,81,58,44,74,78,69,0,52,66,10,70,24,3,2,77,57,13,95,50,92,56,79,79,50,74,49,76,35,64
20,85,3,70,49,23,85,57,29,72,90,48,49,60,7,80,58,14,52,33,17,2,60,28,69,55,50,88,66,69,94,33,11,32,81,36,84,95,77,2,5,87,90,63,28,25,96,67,58,83,94,51,32,31,16,63,17,67,36,23,38,55,54,46,32,4,2,71,24,41,7,26,8,77,36,0,34,67,12,35,47,96,57,44,45,8,3,85,71,32,76,14,5,15,7,59,66,95,37,33,84,97,48,31,56,77,9,26,44,70,62,12,4,97,84,52,42,18,91,58,0,48,41,67,93,62,92,61,26,21,52,0,22,80,23,77,11,99,42,3,60,65,63,11,88,4,44,4,84,44
82,19,2,32,47,14,17,59,67,98,7,64,92,28,25,48,28,58,24,43,33,53,64,35,11,14,74,3,92,48,17,52,50,92,84,87,46,2,60,30,22,27,51,21,52,87,16,49,37,56,25,92,1,35,51,49,31,99,87,4,4,96,56,88,15,18,32,22,76,75,30,14,30,26,76,30,91,40,75,70,52,21,22,33,5,18,54,87,49,91,74,60,80,5,92,47,67,62,45,98,24,57,72,34,41,9,20,9,88,83,82,16,61,43,15,10,79,79,84,97,40,98,65,39,65,79,45,63,57,43,41,34,84,43,3,66,53,86,45,82,27,63,45,9,84,39,67,67,27,19
35,9,35,87,55,30,35,47,20,6,65,51,84,0,80,44,88,31,25,55,16,29,49,3,23,21,15,2,24,11,1,35,36,81,2,48,61,30,92,51,7,58,86,50,60,32,13,57,3,46,49,52,7,76,55,80,15,11,95,42,48,86,74,35,16,8,87,73,10,33,87,21,80,60,80,81,91,22,3,65,86,52,70,70,24,54,23,16,37,3,78,47,7,63,30,30,13,22,55,18,31,69,6,20,53,76,13,60,92,71,92,74,32,16,1,33,12,64,85,75,89,75,14,52,42,96,72,14,1,6,49,29,16,23,34,53,76,85,2,40,10,3,95,37,75,75,85,87,93,35
54,99,89,31,16,17,53,98,28,35,87,76,46,84,17,90,74,23,88,87,19,35,63,30,33,8,16,30,76,93,19,94,8,34,45,15,39,69,7,55,83,3,56,60,52,57,77,29,81,78,6,70,57,14,65,79,69,25,58,41,61,1,17,27,98,71,29,46,90,60,51,67,30,66,77,32,62,71,62,34,79,72,42,88,56,45,49,68,73,75,4,71,68,58,81,13,90,73,55,12,16,22,54,32,30,93,30,65,28,51,43,69,77,6,75,58,62,6,45,41,78,6,86,72,74,37,45,66,92,28,77,69,23,65,14,76,86,68,12,85,52,82,43,41,49,17,35,2,38,7
36,55,34,87,46,46,69,39,98,95,19,32,34,6,48,60,15,30,39,86,25,1,15,38,24,52,71,45,32,97,16,20,16,45,98,66,0,66,33,57,53,11,21,34,96,66,51,95,43,70,45,91,16,25,33,66,18,86,15,96,58,45,49,14,20,94,49,19,92,75,66,81,0,81,69,11,39,24,12,4,34,0,47,57,13,87,99,47,56,55,76,84,95,12,72,2,66,73,83,16,46,49,92,78,22,8,43,65,62,86,37,75,22,67,77,25,33,42,61,99,62,18,31,89,43,84,5,24,51,47,28,1,88,56,24,15,23,65,32,18,37,52,64,92,85,97,70,82,49,23
19,31,29,87,86,55,78,82,25,94,18,62,28,16,78,72,75,18,81,9,99,35,10,76,7,9,52,84,46,72,75,48,2,56,51,5,18,92,67,50,66,35,19,77,59,68,89,71,19,9,99,7,26,90,7,75,36,93,88,30,12,5,45,82,83,66,13,5,72,91,53,46,4,20,43,53,50,27,31,20,97,57,69,11,78,23,24,63,96,79,38,65,29,58,33,61,63,37,55,6,17,7,78,52,97,93,82,26,55,63,8,44,69,89,25,59,61,72,9,64,42,30,96,23,49,1,1,37,1,56,81,2,48,83,25,32,64,1,82,8,3,66,50,26,30,60,87,11,52,39
22,64,2,5,68,89,91,80,59,8,29,18,62,8,66,21,90,75,78,63,6,94,12,81,49,99,61,80,11,25,45,99,4,61,82,32,56,90,45,50,41,20,78,26,84,5,94,85,51,98,3,40,45,18,9,84,30,15,34,30,18,10,24,58,90,92,10,75,38,13,3,1,51,95,38,8,7,86,79,2,72,36,93,51,55,35,63,6,26,0,8,62,34,74,7,40,41,50,83,90,79,79,19,57,35,38,50,58,13,42,31,22,96,2,58,17,34,27,75,94,64,56,88,87,4,66,3,97,0,94,24,25,70,33,42,33,64,84,31,0,6,45,50,95,79,6,62,2,26,48
66,27,78,58,17,99,32,20,63,45,94,78,85,28,90,37,34,70,62,58,96,92,12,9,18,37,69,68,88,78,18,85,56,65,93,25,48,8,15,33,8,19,90,88,77,21,17,53,68,43,81,14,76,25,92,78,49,74,70,24,58,92,48,13,30,76,94,16,4,9,63,89,26,73,36,75,61,29,54,20,50,90,29,46,50,59,71,39,35,11,60,26,44,92,55,30,93,83,38,66,69,96,95,70,2,37,83,11,36,20,38,86,42,37,49,38,36,37,7,83,64,88,74,22,11,51,25,59,46,63,48,39,97,30,76,83,48,86,53,70,86,9,32,89,60,97,96,20,13,25
12,3,40,91,27,84,62,13,72,25,9,49,19,1,15,39,26,1,36,66,32,32,92,3,26,20,37,90,22,47,63,1,91,13,67,18,59,70,65,24,57,33,46,6,53,94,42,7,9,44,18,75,40,26,28,77,87,14,67,62,85,5,71,44,54,80,75,58,20,74,7,45,94,20,73,72,53,95,42,75,4,40,81,73,43,22,93,50,56,9,51,51,30,39,25,9,94,22,5,85,72,1,81,74,70,6,90,12,17,76,98,5,85,20,18,18,0,51,77,47,46,53,64,19,9,0,74,56,35,88,4,22,60,0,26,32,35,12,35,58,15,13,46,90,64,82,0,10,34,11
64,94,69,87,96,23,60,57,45,64,56,79,64,51,13,25,53,40,27,21,18,36,14,22,4,72,0,11,18,37,4,36,63,77,36,23,58,16,56,73,81,57,26,8,41,14,94,83,81,44,18,43,44,97,90,32,78,78,57,47,98,72,97,61,92,12,29,25,77,33,81,90,96,92,98,97,80,8,43,16,52,82,23,49,52,59,55,5,85,34,1,23,6,15,63,55,16,81,18,62,60,37,22,9,34,23,73,68,23,94,61,13,39,5,39,32,5,72,30,28,74,5,91,26,8,22,36,18,50,48,41,45,57,81,5,94,37,75,22,48,2,12,53,41,58,52,53,29,15,87
71,48,36,56,80,1,68,89,50,10,25,89,89,49,73,92,60,15,26,69,47,50,56,68,68,56,64,27,90,97,70,42,69,31,78,11,83,4,27,44,55,56,62,60,86,67,32,13,59,12,87,25,55,38,53,30,21,25,99,95,38,75,93,7,17,26,14,93,2,23,63,38,57,75,77,64,99,33,91,92,23,22,73,50,12,22,54,71,76,44,76,82,79,18,66,93,59,92,22,63,1,5,41,24,12,65,24,75,51,43,53,19,87,81,14,76,62,22,74,51,60,62,77,72,23,6,48,65,5,15,96,36,41,34,85,36,19,4,4,79,94,1,77,29,59,35,28,66,8,60
68,41,27,11,97,1,16,61,28,96,26,96,59,93,55,69,16,37,49,81,12,55,84,39,34,99,79,52,44,83,39,92,27,68,60,43,73,50,44,72,21,47,62,0,90,30,58,64,79,63,30,54,32,60,95,82,48,24,3,61,80,55,68,19,4,69,81,40,99,31,55,67,5,0,27,34,54,97,4,19,22,23,29,75,28,98,77,64,78,34,53,51,99,96,69,74,66,28,63,24,86,81,59,90,64,89,68,95,58,76,67,43,23,52,95,78,74,77,30,75,43,97,44,36,72,18,46,57,52,65,1,33,21,42,30,73,18,92,56,90,46,2,30,1,60,21,79,12,41,48
60,81,44,86,86,66,3,5,79,71,16,93,76,4,47,62,84,96,93,26,33,75,8,18,13,79,93,76,87,37,49,52,21,47,51,45,93,30,32,16,31,80,5,29,16,67,91,54,52,98,30,52,0,31,50,18,37,78,63,26,55,52,51,77,5,51,21,49,50,72,32,22,58,10,60,74,73,99,98,67,95,12,63,36,64,14,53,50,25,96,16,70,44,90,46,84,97,69,21,1,25,18,50,8,41,60,5,72,29,39,28,67,22,8,21,70,27,32,66,51,40,23,81,95,53,23,82,22,97,80,29,18,52,90,45,39,59,70,13,37,28,14,43,83,15,86,51,42,44,96
80,44,67,88,87,19,99,98,95,85,57,15,74,56,24,90,18,79,99,37,21,93,34,20,37,13,25,31,94,65,66,84,13,73,1,96,63,91,1,20,10,77,33,23,34,98,21,0,21,25,21,85,82,92,1,86,94,90,36,17,75,78,26,52,14,25,33,1,56,73,67,11,97,76,1,0,73,90,49,92,91,15,22,49,44,3,28,16,71,88,49,99,19,17,68,65,96,85,62,94,45,99,24,92,56,95,23,46,37,70,84,63,17,25,96,36,55,29,90,61,2,39,23,35,46,20,29,30,58,32,48,24,17,94,93,40,70,16,37,73,70,31,33,8,45,40,56,25,80,50
59,89,82,21,50,0,97,5,77,0,19,12,34,94,39,82,99,74,85,94,12,21,56,86,47,83,0,65,87,20,98,90,83,57,12,61,87,73,68,80,65,81,3,12,46,55,96,96,87,80,19,13,75,69,47,37,2,68,42,9,68,31,69,36,29,78,76,94,98,64,27,23,52,26,36,83,28,26,11,76,92,2,93,69,68,95,15,47,13,41,30,85,31,83,59,16,77,17,45,3,23,43,21,22,73,44,70,44,54,47,32,7,58,47,40,73,24,18,96,76,0,37,49,98,50,75,36,15,29,87,28,36,28,47,68,47,82,47,51,67,93,3,55,83,32,37,90,38,83,55
32,41,71,22,39,30,8,70,59,28,69,88,39,42,53,38,49,25,75,47,12,19,63,35,86,66,32,4,52,91,72,46,55,26,28,30,98,20,47,75,41,18,81,78,40,25,48,86,55,36,31,69,65,6,1,41,68,19,38,50,77,30,33,2,39,36,33,88,89,46,32,94,91,89,33,84,54,29,6,35,90,94,40,50,27,95,13,40,47,50,71,97,95,98,13,40,42,99,80,74,75,9,43,80,45,99,87,7,23,28,96,14,9,89,64,53,12,48,93,60,67,39,98,10,28,59,59,4,82,98,84,38,44,64,58,42,0,70,71,6,42,32,25,34,14,2,94,25,83,74
37,79,68,0,80,52,44,37,53,16,98,97,55,87,46,31,20,40,46,86,60,87,87,36,87,5,97,58,70,20,73,73,53,4,91,15,66,6,65,51,58,34,80,62,11,87,24,48,67,75,54,90,62,18,13,20,19,36,73,78,26,69,69,2,64,68,78,87,55,29,53,33,47,90,38,10,39,99,45,12,79,15,5,32,87,98,77,59,16,12,3,9,6,19,11,48,55,79,62,46,25,34,71,3,71,26,99,26,4,22,23,75,59,33,31,12,34,80,89,24,85,98,56,85,65,77,60,71,92,1,92,39,59,14,67,11,16,89,58,31,29,21,8,26,2,59,44,99,54,97
84,0,13,35,75,78,65,24,29,6,40,43,54,51,49,14,38,33,0,26,9,7,88,13,63,66,61,19,93,26,88,20,8,69,55,58,3,36,98,23,71,6,52,36,60,73,53,40,11,67,12,51,18,22,4,93,61,28,70,16,90,24,96,35,97,4,24,48,73,77,91,74,81,16,59,72,95,36,46,32,53,27,44,23,55,74,73,23,56,34,91,5,24,98,80,85,63,42,70,52,5,68,41,24,51,34,82,96,6,31,10,5,18,53,71,19,42,74,98,5,0,84,15,24,22,45,5,86,22,21,92,48,58,78,59,94,19,39,72,53,78,38,20,67,43,79,61,1,61,2
89,61,64,0,9,15,36,64,96,4,69,26,74,4,97,12,47,95,4,15,0,12,72,8,97,74,26,35,41,15,91,23,82,68,34,46,67,63,41,71,87,14,85,22,82,65,95,12,94,71,65,30,52,95,13,77,17,86,98,95,3,83,66,61,22,4,25,8,16,76,26,59,88,8,79,26,82,97,63,36,46,8,35,94,43,53,64,63,13,18,47,78,63,76,30,96,90,10,86,48,48,48,5,36,16,82,79,21,87,75,26,86,57,26,7,30,94,59,86,99,18,15,37,28,17,39,46,66,45,76,8,19,79,59,5,66,9,6,47,62,77,34,83,14,42,92,46,75,40,82
11,38,66,17,95,3,56,99,13,18,82,79,86,59,93,10,30,12,62,50,83,17,71,26,10,10,63,26,12,58,52,66,45,61,49,16,80,73,96,45,40,86,65,40,51,5,76,51,2,35,73,93,54,5,69,69,49,46,86,24,56,64,12,36,89,92,57,2,0,69,88,70,19,55,31,14,67,24,69,92,92,28,69,73,21,61,12,66,21,20,26,64,20,24,88,82,83,63,35,81,79,88,17,16,19,35,72,5,43,85,40,2,27,40,2,77,19,43,30,70,90,70,0,74,75,38,1,10,92,7,37,30,83,10,65,84,52,62,18,89,89,58,46,52,36,83,92,31,44,5
38,25,11,76,38,78,47,71,10,57,71,37,58,96,40,37,62,63,62,54,53,2,19,58,8,49,59,78,41,18,79,98,17,80,17,40,15,71,34,72,99,59,65,8,48,98,16,80,72,62,36,24,93,83,90,53,72,28,2,35,31,54,40,36,92,59,17,9,75,64,41,56,75,76,82,60,10,75,11,55,17,84,60,25,30,75,21,80,27,19,67,26,13,52,97,95,48,82,81,56,27,73,48,94,50,3,34,61,93,95,65,46,29,13,53,57,47,73,0,38,61,75,86,76,83,23,66,80,78,58,89,4,3,37,82,77,58,19,46,25,12,34,53,84,55,35,27,75,84,79
2,64,81,35,64,13,60,69,41,79,14,39,5,25,50,76,25,46,96,87,27,65,80,7,61,94,38,68,70,48,90,44,56,76,92,53,32,94,64,10,37,57,60,73,53,7,18,93,52,93,74,58,35,16,59,11,65,93,61,32,11,65,18,46,49,77,8,28,99,23,46,91,98,19,17,95,5,23,76,85,15,21,27,30,53,47,40,36,14,90,72,25,35,25,22,57,74,41,84,31,46,88,8,92,73,26,38,8,78,54,74,26,9,70,90,62,53,30,49,6,46,25,11,78,32,13,37,63,90,24,77,84,58,87,18,39,78,62,25,72,20,55,64,31,29,12,57,91,15,29
24,44,17,19,85,62,38,99,27,53,18,91,6,36,25,97,15,98,9,2,93,61,33,86,36,80,7,54,99,46,58,36,41,62,35,9,2,80,34,94,84,12,76,41,79,98,9,52,45,42,61,37,38,55,91,41,54,89,43,75,98,77,45,79,82,19,82,25,49,79,70,98,84,52,65,15,77,19,20,45,36,58,13,34,42,38,33,5,85,7,82,64,15,1,35,13,11,31,3,89,86,25,3,33,75,80,76,20,40,67,97,93,68,97,63,19,64,48,23,58,68,22,23,96,8,98,39,14,94,12,54,94,75,72,27,80,62,82,32,65,18,85,67,15,3,33,37,65,57,57
88,5,87,95,67,15,62,35,89,62,83,21,43,12,9,10,50,71,37,36,29,64,46,0,12,77,17,14,31,73,14,15,90,65,41,96,54,41,34,64,31,55,55,96,60,51,9,54,22,56,16,80,2,8,66,99,61,63,51,5,38,18,26,94,15,95,58,75,17,41,50,64,79,66,4,13,41,91,15,78,10,13,7,18,21,87,54,55,29,27,97,47,79,67,10,92,70,21,13,25,59,4,33,35,5,34,11,37,14,98,69,90,9,32,96,34,1,12,42,28,37,76,54,30,73,1,48,15,41,92,75,35,5,31,13,2,89,24,52,13,10,43,25,10,57,29,76,48,30,29
8,31,86,47,3,79,47,35,76,78,29,19,19,95,12,63,22,43,67,68,25,38,51,85,68,17,77,82,55,93,51,16,3,77,58,70,25,68,83,46,58,32,70,35,83,99,4,94,99,77,92,47,42,82,5,33,64,40,61,79,38,7,54,52,33,86,44,66,22,16,11,36,48,93,81,6,3,70,51,38,83,79,32,4,94,37,23,78,64,67,72,75,31,3,24,28,42,55,80,55,56,82,70,82,13,39,83,26,12,48,72,25,38,15,84,27,18,46,16,46,26,5,85,23,95,36,42,11,34,8,83,31,99,56,49,95,13,6,39,57,3,94,72,59,9,24,91,17,9,88
20,1,17,48,58,25,72,45,37,8,35,77,17,90,86,52,34,11,63,36,40,46,22,83,41,80,59,1,28,4,97,65,3,61,35,61,34,36,37,71,12,68,56,68,68,65,48,95,9,89,45,20,90,16,77,88,64,81,52,99,93,49,74,5,29,13,74,42,99,45,35,52,66,2,79,16,80,79,82,47,96,84,44,53,82,49,13,70,81,12,75,22,79,39,11,77,92,86,74,70,38,38,52,79,73,38,90,97,99,60,63,45,21,30,4,85,9,67,9,61,53,61,59,82,15,81,95,13,22,17,85,80,95,19,18,92,43,48,21,74,23,19,94,38,39,70,81,4,67,79
3,83,83,25,73,48,17,66,55,81,76,11,21,24,9,75,19,98,46,21,53,30,69,0,17,93,90,85,27,6,0,26,59,43,62,60,73,33,4,26,4,69,57,75,22,10,41,64,24,3,31,26,12,54,64,90,72,77,75,17,91,63,51,54,89,24,82,30,31,40,99,11,49,80,87,31,56,38,30,51,68,39,42,70,39,9,27,77,12,77,98,53,98,50,76,0,28,33,42,69,83,82,83,51,25,1,41,53,24,43,68,99,48,43,70,14,16,91,44,96,0,11,17,46,57,77,15,28,58,15,71,71,70,81,77,3,53,61,63,97,11,84,4,68,54,77,33,8,58,85
37,18,96,51,15,15,40,14,84,37,58,52,16,58,84,86,90,25,10,67,87,58,56,45,50,93,47,82,37,50,2,99,40,74,89,36,83,0,72,86,75,12,6,1,18,87,98,91,15,46,78,13,88,2,79,36,33,50,41,14,9,11,14,80,22,99,58,56,10,80,58,70,65,73,94,51,5,66,94,37,68,48,78,76,1,2,98,51,90,63,23,22,29,25,12,86,5,93,87,40,73,78,33,14,64,18,63,77,34,69,49,44,73,15,87,10,49,26,46,95,45,36,32,12,18,23,60,43,77,72,60,11,26,91,83,62,29,64,38,70,3,2,98,92,73,12,88,32,33,73
36,59,46,44,51,45,19,31,36,93,60,96,54,70,38,14,95,94,91,94,82,21,56,21,22,90,34,81,58,66,36,44,99,96,64,57,39,57,5,74,6,74,69,49,90,89,89,94,13,59,31,9,28,76,80,13,48,37,32,22,32,9,30,89,77,21,20,20,11,18,34,99,22,9,15,8,60,89,0,99,43,29,28,42,89,39,81,66,30,95,6,14,76,72,34,70,64,96,38,53,27,95,28,34,91,22,12,7,0,24,4,89,4,97,93,39,29,71,43,54,94,56,53,30,56,71,68,61,77,28,45,54,65,61,46,38,43,47,58,14,73,25,0,11,58,2,77,25,20,18
64,24,29,72,36,27,98,56,75,9,8,54,90,26,7,30,80,74,38,81,10,18,26,71,83,12,68,69,49,27,66,99,25,73,85,75,27,47,95,97,54,28,70,64,54,33,41,15,89,0,78,8,9,94,76,34,69,70,10,59,90,81,54,60,70,62,97,90,31,60,45,35,9,62,87,38,25,91,97,0,28,23,56,87,66,98,98,43,72,42,6,0,61,28,11,22,84,88,51,66,94,80,95,58,79,81,60,45,14,67,30,78,89,19,42,69,13,91,81,29,40,25,66,11,50,39,12,0,33,6,61,65,65,71,14,20,90,85,97,24,46,55,45,1,64,43,22,78,1,47
32,65,99,40,74,23,68,21,90,26,70,47,32,72,85,31,53,95,42,49,38,70,56,63,73,15,88,45,42,31,40,94,58,30,21,21,54,47,73,16,10,60,98,45,15,92,50,97,77,21,80,79,17,16,20,86,35,59,53,93,75,54,46,69,41,94,20,73,12,21,35,41,62,3,48,68,7,75,69,48,98,38,30,84,31,8,72,87,60,76,12,98,80,76,79,89,33,24,80,35,46,8,28,72,31,27,92,97,19,12,38,35,65,9,31,38,40,30,13,90,73,32,4,90,75,86,11,10,82,9,16,37,73,33,85,18,97,11,47,54,40,53,68,26,50,3,27,77,36,9
88,63,20,33,53,68,66,90,4,25,78,39,0,29,91,9,26,85,57,92,5,45,49,95,7,74,57,75,69,63,29,42,52,60,32,10,88,21,46,93,23,96,55,59,40,22,28,58,86,61,11,84,83,91,61,3,77,55,58,1,55,50,92,91,9,14,43,11,21,55,0,81,82,71,59,10,94,72,99,72,9,64,62,46,83,54,62,99,44,54,97,4,58,40,45,39,72,45,25,24,45,6,22,64,83,5,43,93,29,6,58,54,83,45,67,94,43,29,53,49,91,88,15,29,59,76,73,37,7,18,90,4,4,93,52,70,83,37,91,73,91,48,73,62,67,56,56,93,5,41
77,95,76,24,92,78,77,80,73,82,45,45,41,14,81,32,38,82,81,18,70,13,83,40,36,19,29,71,72,42,46,90,3,0,96,40,25,36,65,69,46,70,38,46,99,76,78,17,41,49,32,85,42,8,18,78,2,61,69,61,41,22,3,89,97,27,8,35,3,96,24,44,31,83,66,31,56,1,56,16,79,56,26,10,71,24,1,16,92,48,58,76,61,2,39,44,82,23,64,93,7,36,1,27,77,20,79,10,21,60,80,15,22,51,88,47,12,12,91,95,49,18,29,97,71,43,42,89,9,74,70,86,7,93,13,12,82,9,41,88,63,19,28,61,24,67,93,6,64,83
67,86,28,30,74,95,62,97,73,31,81,68,8,7,37,22,2,55,54,99,84,86,23,9,82,51,98,47,43,51,54,71,20,28,13,19,59,93,51,96,26,67,9,98,24,91,70,82,25,62,11,72,49,58,87,58,76,29,79,47,84,59,78,99,56,88,98,76,81,80,70,95,3,89,66,84,62,24,1,35,60,40,9,82,31,3,75,36,37,41,7,97,17,87,1,17,97,43,39,42,82,30,83,73,68,69,9,50,34,60,29,41,92,95,21,53,75,46,40,4,22,73,86,59,0,77,94,24,72,63,28,20,8,81,66,23,53,85,62,62,77,57,25,32,75,79,76,97,95,85
71,91,85,13,94,97,26,9,91,64,24,66,83,43,13,54,17,28,34,84,62,75,51,44,46,39,2,76,16,86,87,31,6,43,5,44,73,0,50,64,84,1,58,22,90,36,47,36,95,92,48,78,75,43,62,27,93,64,53,91,21,40,50,32,70,18,86,57,85,30,14,49,48,5,87,92,64,76,22,90,97,19,45,4,63,85,13,5,88,66,51,59,92,57,16,40,1,93,5,64,74,31,10,98,11,95,67,21,1,73,55,8,35,95,29,63,12,61,28,76,25,55,82,16,12,5,71,79,62,63,28,9,14,42,81,73,35,88,11,42,88,3,81,88,91,8,31,56,40,63
58,88,65,25,18,24,87,47,37,32,94,38,9,29,52,55,73,29,84,66,53,22,54,28,90,37,65,8,69,85,62,85,10,74,88,36,59,90,39,93,21,50,18,72,13,95,83,16,35,30,18,32,66,89,94,49,63,95,50,26,79,71,44,26,91,9,77,35,89,84,79,58,23,93,90,12,73,68,39,21,96,73,14,73,25,4,0,38,77,79,15,2,1,74,53,55,59,69,87,39,54,64,97,54,59,79,65,1,40,71,34,35,78,20,60,77,93,56,61,52,68,5,24,81,14,17,81,96,93,65,83,93,15,7,88,1,18,12,50,36,28,87,83,21,55,70,63,53,97,1
50,42,6,82,49,83,12,7,36,28,94,86,32,46,13,56,74,58,71,7,57,67,19,28,29,71,60,45,86,13,66,39,75,29,74,40,74,19,15,54,50,51,69,2,85,34,36,21,28,69,80,50,79,42,25,26,24,4,53,46,39,20,79,39,12,43,13,17,49,21,24,73,67,85,31,46,93,66,57,26,41,40,22,13,46,12,90,16,0,33,18,31,78,15,56,75,71,84,72,82,45,31,17,31,49,53,64,62,26,40,69,71,85,37,80,39,9,23,80,81,28,17,95,26,27,95,41,35,3,78,29,21,80,54,37,39,56,53,13,18,77,55,84,65,72,50,86,33,10,34
19,27,21,17,76,58,75,83,89,63,85,99,25,96,0,8,99,56,56,60,20,2,9,65,96,1,95,66,17,82,93,0,23,23,94,77,76,36,10,88,64,51,40,7,63,65,1,30,6,0,68,9,22,0,64,96,11,22,56,56,26,60,86,37,8,31,85,2,23,87,19,2,23,84,15,93,74,18,52,94,45,69,41,2,30,16,93,63,12,86,95,53,18,14,24,96,1,50,73,81,98,12,67,29,30,41,69,84,35,42,39,53,87,26,81,29,53,61,68,79,92,28,73,24,62,9,36,67,83,85,98,55,45,24,99,61,15,87,74,89,9,71,49,27,77,99,52,65,2,33
68,38,75,81,36,68,79,61,31,3,86,75,36,27,77,40,58,96,80,78,77,6,62,39,70,50,24,19,62,54,47,83,51,3,93,99,47,61,91,65,23,19,93,5,48,91,86,79,97,90,37,48,68,4,87,45,75,1,13,39,59,22,40,18,59,7,27,87,85,28,80,76,68,76,28,41,25,5,63,30,58,21,73,41,65,27,61,86,65,14,49,67,24,63,45,37,57,52,58,20,92,12,68,81,72,49,2,7,43,4,4,26,91,15,14,55,58,25,51,30,47,25,85,17,4,53,32,78,65,68,59,86,63,3,97,53,23,53,97,9,34,96,17,30,45,25,29,37,23,43
98,6,15,39,24,50,66,47,54,95,5,49,40,19,75,54,98,56,1,27,38,64,21,39,98,47,38,20,19,20,39,43,48,31,81,38,97,24,58,55,94,46,98,54,21,65,1,12,55,58,64,23,99,95,26,28,68,44,23,12,16,12,77,11,13,19,89,73,23,59,94,18,78,89,98,44,81,96,93,38,41,53,70,19,87,25,52,96,56,18,57,34,93,20,20,94,6,70,23,22,92,92,45,63,71,82,99,95,3,7,36,65,27,10,41,51,31,95,35,92,92,0,95,43,79,3,28,7,4,7,86,73,48,83,2,38,65,90,36,10,28,26,94,20,26,90,37,53,8,56
7,14,39,41,28,74,9,57,76,14,59,15,67,15,85,30,96,85,34,16,30,66,58,99,63,45,86,30,52,35,86,16,15,44,83,21,55,57,63,38,77,56,83,60,6,52,84,13,83,37,48,32,74,62,98,68,35,82,15,23,52,26,4,66,30,50,2,87,94,69,92,2,11,29,3,35,35,56,40,94,84,68,50,47,7,90,57,29,27,38,37,70,89,39,4,41,72,88,76,3,36,66,20,55,83,90,96,44,53,53,28,27,37,69,80,49,44,8,97,74,5,78,63,84,63,94,40,48,59,75,59,35,44,81,61,77,81,4,25,2,24,32,88,68,7,44,93,33,15,96
23,22,9,17,17,27,11,54,85,75,19,76,99,68,86,18,93,60,62,81,26,15,85,34,75,55,18,29,44,70,52,4,94,87,43,69,40,9,92,41,33,58,82,26,19,38,15,78,72,84,23,51,28,49,62,78,68,29,61,98,17,44,4,57,30,47,11,71,29,60,45,46,2,88,17,68,83,45,47,54,94,89,2,80,36,2,4,93,78,87,7,56,84,99,34,99,87,20,46,27,60,9,36,71,36,26,11,53,53,59,7,94,9,42,58,17,7,69,22,14,1,45,64,42,98,2,22,80,14,10,6,36,52,24,94,1,33,71,78,95,18,48,51,13,44,61,78,57,74,66
22,36,10,74,19,89,0,71,9,70,45,85,3,78,42,84,49,71,37,85,90,24,23,46,50,89,72,55,25,69,65,65,91,18,94,58,42,81,41,71,24,83,96,29,5,59,45,38,46,80,21,24,89,61,23,19,97,47,95,47,65,82,58,11,18,3,50,42,7,75,75,1,99,58,21,72,28,79,12,10,34,8,12,4,29,69,9,82,48,99,90,37,45,90,84,87,87,45,63,31,71,7,2,43,95,22,65,63,1,99,89,47,41,44,70,3,72,25,73,87,56,22,63,24,11,91,77,7,1,36,67,38,12,33,60,27,46,31,27,15,40,24,82,40,69,37,2,80,34,25
52,34,79,34,17,87,13,74,55,63,63,24,66,86,29,53,96,6,85,86,42,99,3,25,57,42,86,76,88,81,16,43,16,75,50,55,71,27,25,90,74,9,63,9,97,72,47,39,41,60,79,52,45,10,50,89,74,43,91,90,19,58,55,95,11,83,35,38,58,80,34,17,7,42,19,13,83,66,19,22,6,15,12,4,38,2,85,17,61,62,97,99,35,47,65,55,8,12,15,90,79,8,17,97,84,10,23,14,60,69,88,55,24,5,57,29,59,47,70,0,28,20,68,86,30,47,37,73,84,75,77,64,66,24,80,54,10,83,99,94,62,71,71,29,58,50,46,72,8,13
31,45,49,55,83,96,7,54,58,53,20,57,15,3,27,65,52,8,39,49,55,58,70,95,30,56,58,33,56,3,74,68,73,6,66,90,28,43,59,74,92,86,94,62,30,17,23,63,31,40,26,90,61,50,15,33,28,44,77,58,41,12,55,37,85,60,45,58,88,47,31,44,14,34,72,72,69,99,23,23,14,90,13,41,69,38,25,87,56,97,15,32,13,67,98,46,31,7,14,49,48,25,73,28,83,50,12,23,28,53,65,29,4,55,91,63,2,96,98,29,97,48,13,94,96,40,94,50,82,57,17,51,4,96,34,74,75,49,56,42,81,55,70,78,2,81,31,74,97,17
48,89,82,54,52,4,60,78,45,46,74,20,48,68,9,70,72,76,16,20,57,45,2,20,79,94,70,39,90,30,15,15,52,73,69,77,84,60,93,25,47,54,76,35,3,87,29,94,67,86,79,26,40,15,11,73,97,77,72,83,59,50,59,85,5,95,47,37,43,72,29,11,42,68,97,60,70,88,74,2,21,45,52,15,55,57,92,59,0,73,41,33,85,16,47,76,72,29,72,53,8,59,45,92,98,90,77,58,24,42,83,36,93,73,67,74,47,64,93,46,62,82,73,79,22,62,43,72,93,9,70,21,24,95,81,34,0,27,22,17,0,96,11,79,53,59,0,66,46,82
24,98,67,26,8,43,21,99,22,50,14,24,73,78,63,85,54,95,42,87,41,77,19,10,77,72,12,56,31,81,6,10,16,5,12,77,88,7,0,39,74,47,40,97,64,69,68,62,41,22,94,36,95,32,40,65,86,15,78,4,94,22,26,54,25,66,99,3,7,59,38,87,2,27,70,93,33,39,35,99,63,10,58,53,47,95,51,16,69,7,70,48,38,58,49,50,17,3,79,31,26,97,3,59,59,31,21,7,57,18,96,29,78,64,55,10,42,37,0,45,25,59,18,80,48,85,61,90,29,19,21,82,25,85,91,35,42,35,58,31,82,22,33,17,28,69,35,4,55,18
93,84,23,16,37,23,11,72,57,10,28,96,58,70,57,3,53,35,40,23,43,56,40,14,96,58,66,48,77,2,59,47,9,64,96,51,73,26,57,65,3,20,21,67,62,28,4,48,8,50,67,32,47,46,88,74,31,59,27,38,66,19,31,76,99,77,86,62,96,5,11,44,99,92,95,3,27,22,33,10,12,55,21,84,83,36,18,67,43,29,56,44,30,73,99,40,36,4,49,69,60,35,42,97,0,48,61,92,4,11,88,49,76,42,15,7,82,73,83,46,79,74,10,61,91,2,90,70,56,25,45,79,47,67,24,63,52,99,44,85,55,70,64,12,33,36,6,21,4,45
86,5,73,15,49,69,45,64,3,88,12,25,80,13,19,61,4,99,37,16,0,77,15,5,13,30,78,28,12,61,67,45,75,12,40,50,10,60,6,16,83,23,4,83,12,22,71,4,66,75,98,17,73,54,65,71,97,42,78,16,19,91,34,37,60,64,11,82,55,73,26,32,29,68,36,41,79,66,36,80,23,16,22,49,8,39,77,70,66,3,64,21,94,32,93,44,14,65,92,94,97,23,89,39,96,22,66,39,61,92,63,1,71,17,55,48,46,80,89,78,18,94,34,28,10,45,7,7,64,89,88,49,4,65,69,75,48,59,29,56,5,23,71,70,27,79,96,69,3,28
1,83,7,2,75,70,63,18,59,88,98,98,58,59,38,1,40,56,86,5,89,66,22,25,96,3,56,1,70,95,16,11,32,44,54,84,97,72,62,79,87,69,64,23,82,15,66,57,64,0,95,86,14,2,5,45,61,53,73,0,49,61,62,52,35,17,40,95,86,49,67,20,97,41,52,7,69,54,67,62,18,66,46,21,74,35,77,61,90,83,77,38,82,78,95,67,79,9,41,57,23,45,19,40,61,86,10,61,70,65,19,37,79,0,19,3,20,33,87,22,81,37,46,99,70,31,73,29,70,74,46,3,37,24,74,39,71,2,16,40,20,15,26,54,62,51,86,58,88,39
35,97,36,56,52,27,64,62,31,54,62,9,53,52,13,80,81,86,38,63,44,5,27,57,61,26,79,75,73,42,72,54,74,52,70,81,35,40,6,56,92,28,17,79,99,87,98,11,59,24,18,26,34,5,70,14,49,34,78,20,21,80,71,96,59,49,46,14,8,14,25,68,90,53,61,26,64,38,59,20,7,83,82,17,71,26,60,48,57,74,93,1,49,76,29,78,73,68,91,71,10,45,73,89,81,52,67,45,60,22,53,12,77,51,72,52,17,33,60,89,26,54,10,7,93,84,15,14,34,68,24,11,99,25,18,26,59,20,74,16,39,72,57,47,66,82,13,61,20,28
35,35,68,17,79,31,96,43,33,81,18,27,48,43,13,88,11,28,90,33,46,37,53,10,25,41,67,79,38,58,56,30,77,93,17,18,57,41,41,21,20,8,40,28,52,57,24,47,14,37,43,81,15,11,77,86,83,86,61,0,13,92,81,44,4,49,36,46,88,50,15,55,30,66,11,92,4,45,1,97,38,27,85,95,91,83,90,97,96,33,76,26,66,37,58,21,76,79,26,66,67,51,24,10,71,39,8,43,16,25,31,81,58,46,81,40,9,8,74,46,76,29,17,73,41,84,59,76,37,35,63,74,40,72,15,45,25,71,40,79,29,19,47,94,42,99,45,35,5,2
26,84,50,2,28,78,4,43,8,39,88,98,66,98,82,30,7,64,60,74,78,77,31,84,14,21,59,56,30,39,99,68,83,18,90,82,98,79,9,69,55,47,89,93,23,0,27,33,28,19,49,74,44,90,53,80,31,87,80,57,80,76,74,58,3,15,55,53,44,46,68,66,38,8,6,68,21,47,94,94,15,66,19,1,98,35,97,83,97,85,28,72,26,54,96,0,90,14,91,3,6,7,73,71,32,58,60,48,15,84,49,7,62,61,86,90,72,84,64,85,85,95,95,68,30,8,24,30,90,0,47,66,98,83,90,70,73,72,14,62,4,19,63,4,15,36,90,77,61,93
50,53,21,48,64,5,93,55,56,2,86,15,64,38,32,58,53,20,81,81,94,21,58,9,89,62,70,24,48,98,68,61,19,1,95,16,89,11,52,1,51,23,96,92,40,43,0,82,99,30,9,33,13,49,55,10,61,92,79,23,21,55,22,27,67,79,69,72,11,59,35,70,28,86,48,71,35,64,13,58,64,19,7,52,39,90,86,57,80,85,62,18,80,77,61,73,52,3,18,16,10,95,21,86,31,82,63,69,55,97,30,0,48,36,43,87,25,68,18,77,90,79,63,15,29,81,19,97,86,72,28,3,51,1,18,94,97,16,58,24,47,96,12,44,77,16,39,35,79,49
43,36,0,56,50,20,43,38,24,74,51,4,67,37,51,45,48,96,46,21,96,67,67,36,2,17,18,51,82,31,88,33,84,54,5,3,74,60,49,93,90,49,26,53,43,15,34,85,40,55,77,90,38,89,5,4,81,50,83,57,50,43,46,48,38,93,74,11,29,77,71,30,38,91,17,70,15,74,79,41,93,70,10,18,75,24,83,25,53,99,78,86,2,10,24,30,97,8,59,95,62,67,51,3,72,85,66,49,3,5,73,33,36,54,25,76,61,88,74,60,8,9,74,71,27,15,57,91,4,49,41,53,10,6,25,87,50,25,57,78,19,58,48,15,43,62,62,24,56,79
8,47,66,98,42,57,9,83,59,8,43,91,38,85,9,57,40,35,42,93,99,87,94,23,1,83,39,23,8,78,10,28,77,93,24,37,85,11,32,60,17,26,83,60,97,71,73,36,68,13,29,30,65,2,82,44,63,86,2,67,23,34,36,90,50,54,77,47,60,60,52,7,22,29,20,8,97,91,25,59,96,47,84,18,35,64,65,88,66,68,20,0,31,28,30,36,26,94,11,11,74,45,74,62,67,98,35,62,43,61,44,70,59,40,19,65,6,88,70,22,35,11,2,84,58,74,93,31,60,53,65,21,74,65,39,88,18,52,17,63,96,42,18,82,95,18,97,87,96,59
51,74,31,68,10,10,8,43,50,78,45,65,14,9,97,19,69,69,40,0,52,20,21,38,67,40,46,26,76,32,66,48,58,52,32,46,94,26,45,79,2,46,50,36,20,65,86,30,88,46,89,40,47,24,23,9,71,66,57,30,74,83,45,45,5,31,96,89,4,59,47,74,52,69,77,31,52,10,58,35,36,27,62,93,98,35,87,14,26,86,71,90,65,58,99,57,3,43,51,24,80,54,77,49,11,14,93,68,74,61,83,48,61,50,55,20,51,62,16,91,66,56,43,38,49,15,43,86,94,19,35,2,6,50,75,3,67,8,2,42,72,51,22,8,13,66,91,66,45,73
56,12,19,33,88,52,2,39,91,78,15,89,47,2,1,51,50,19,42,71,12,29,85,98,70,15,83,39,67,78,80,79,37,64,47,72,31,82,9,15,23,24,15,6,21,90,65,17,43,43,37,37,71,54,83,7,24,60,16,58,24,18,40,12,83,49,29,57,46,75,40,61,20,60,46,25,3,13,75,33,3,37,8,54,89,91,28,57,2,60,1,7,3,29,42,49,51,15,6,86,3,3,59,60,45,22,73,18,71,45,69,40,78,7,83,68,60,89,89,63,35,94,82,0,17,38,59,95,43,3,89,94,48,66,99,55,35,14,4,44,53,7,20,95,30,61,93,4,18,21
49,82,29,96,70,63,50,63,33,0,20,55,19,94,51,45,80,98,10,90,71,35,12,88,38,93,41,3,56,88,9,95,96,85,4,2,24,91,12,6,36,24,93,88,47,11,54,23,82,74,57,15,49,64,62,70,87,41,45,52,24,78,73,58,6,76,49,35,79,39,58,88,60,19,18,89,11,65,3,68,56,4,64,97,71,12,50,42,34,93,13,10,32,62,38,70,31,54,15,61,36,98,72,51,84,79,92,34,22,90,90,30,90,62,84,74,90,25,40,81,18,17,48,84,86,72,89,5,9,25,81,49,38,49,69,40,66,79,85,97,89,75,87,66,96,70,12,62,72,18
66,62,74,56,15,47,80,1,39,76,36,91,91,9,3,42,38,65,19,50,9,21,79,12,90,47,94,64,60,29,81,51,72,96,29,22,71,78,64,87,10,6,8,31,32,18,59,50,84,72,32,16,72,46,77,89,39,77,20,26,19,8,50,3,57,26,85,62,16,80,68,95,0,64,73,73,48,43,73,81,60,53,4,41,61,15,79,95,0,60,71,9,75,89,49,15,26,5,4,1,43,34,99,29,11,76,51,98,56,18,41,66,51,78,91,90,91,53,34,82,71,78,28,16,7,35,6,10,6,56,97,51,54,76,75,73,67,65,85,44,55,39,33,54,35,52,25,57,77,49
13,21,16,67,1,52,14,20,1,76,52,14,19,13,89,45,38,4,70,26,36,23,82,22,67,75,56,67,59,69,25,10,55,25,83,19,78,42,42,13,55,98,79,3,15,64,3,47,69,20,27,18,38,45,66,38,91,3,68,72,58,23,77,23,30,79,84,88,24,81,6,60,57,91,60,39,68,53,71,76,81,12,88,41,21,26,65,95,86,89,41,20,32,6,31,70,44,13,14,10,10,9,62,28,48,57,69,49,5,65,50,28,30,63,85,35,78,14,95,76,63,31,56,47,14,92,10,92,54,8,74,98,14,75,36,87,43,7,39,58,59,93,9,83,6,81,89,18,19,63
56,2,92,8,35,67,35,37,48,27,59,84,61,69,0,69,60,12,71,84,63,56,35,90,79,45,71,82,2,18,18,10,93,62,18,43,29,77,61,2,70,71,51,43,30,74,57,60,34,72,27,38,76,55,47,79,82,60,38,58,54,97,85,40,39,9,86,22,42,49,41,42,49,67,64,67,63,24,88,19,67,65,13,57,10,76,6,26,11,53,85,14,34,27,45,19,34,61,99,32,39,16,64,30,79,40,9,65,79,46,10,31,33,78,73,3,83,21,5,75,37,60,42,14,45,64,5,68,11,77,11,69,74,26,24,5,11,12,38,49,10,74,81,87,30,42,3,3,97,12
42,59,27,9,51,81,30,57,6,70,70,21,11,16,37,54,34,69,19,50,4,92,20,84,5,62,28,74,39,89,16,19,90,77,21,2,39,12,23,96,86,34,88,83,74,61,73,80,66,66,70,53,43,99,11,64,39,77,28,72,42,65,23,36,77,22,23,45,27,75,64,57,24,44,27,20,71,94,20,13,52,34,74,18,18,58,25,54,97,15,73,76,24,74,73,50,15,52,93,94,64,97,90,34,49,89,23,63,26,2,94,80,18,19,46,65,31,77,90,14,53,74,43,55,13,74,89,24,59,64,22,70,73,26,19,4,39,38,72,46,88,67,30,19,40,7,67,73,24,35
30,19,91,11,37,13,16,59,25,89,70,26,89,89,73,0,52,95,70,34,5,36,23,57,18,58,15,52,48,79,55,76,21,9,20,86,57,18,37,27,54,97,21,58,90,72,45,82,90,51,24,75,39,97,41,53,83,0,53,4,67,84,68,5,37,94,93,28,51,92,73,3,25,50,43,28,10,16,92,47,49,29,2,49,8,11,53,39,66,98,8,38,59,31,67,1,8,82,64,38,84,45,68,5,77,21,5,99,63,94,34,7,51,25,62,95,85,43,77,98,62,71,69,56,56,44,43,75,93,72,59,71,62,48,95,33,92,36,46,5,51,11,17,30,4,63,47,18,14,84
35,76,10,78,7,38,14,56,20,12,6,62,31,71,58,30,76,83,69,33,83,30,37,67,82,65,17,53,83,89,94,63,88,45,44,32,31,6,68,84,15,49,74,70,49,52,38,2,44,15,95,63,19,34,22,87,32,63,72,64,5,52,60,22,86,35,17,22,45,18,44,4,61,76,49,44,48,24,63,76,40,16,52,20,48,92,10,63,81,38,49,39,62,13,95,55,56,88,63,94,83,23,83,36,35,2,21,81,78,63,91,83,60,96,26,57,73,28,44,26,82,65,40,34,94,13,43,65,50,48,88,67,57,10,14,89,66,50,48,77,29,45,66,41,29,42,11,61,76,24
30,59,82,52,93,32,38,40,39,40,93,47,53,17,6,52,59,61,70,96,96,38,33,85,37,42,14,44,66,39,79,92,4,94,80,4,97,1,11,41,74,98,64,66,38,66,29,81,75,5,33,67,40,90,89,85,72,77,51,46,80,9,72,12,33,88,60,65,70,3,98,8,34,96,68,99,2,99,55,30,73,56,37,19,61,15,70,59,67,78,61,44,67,99,53,96,61,69,53,15,86,84,69,37,46,21,98,64,6,43,52,87,41,89,75,61,73,23,20,61,30,85,32,63,86,62,25,62,8,31,88,98,58,16,54,61,91,89,86,73,48,72,83,38,47,70,39,88,62,94
24,84,66,8,50,75,98,19,37,18,74,93,27,92,44,11,32,76,24,6,63,46,71,71,35,65,98,14,51,45,85,93,84,96,95,90,56,51,3,78,54,5,1,90,79,69,59,46,30,12,55,16,45,59,91,2,40,80,19,74,36,11,70,20,8,67,69,35,49,2,48,61,4,74,89,72,17,10,66,38,18,70,26,56,72,12,28,40,4,19,3,30,61,38,63,38,37,85,33,28,35,99,84,38,94,73,2,73,48,81,21,18,48,21,58,73,7,80,96,15,26,89,26,67,18,10,78,60,86,55,69,87,74,1,39,59,70,40,51,43,31,36,19,97,19,77,50,3,18,65
